4.25383e-06 3.00270e-06 2.75248e-06 3.25293e-06 3.50315e-06 3.00270e-06 2.25203e-06 2.50225e-06 2.25203e-06 6.00540e-06
3.75338e-06 3.00270e-06 2.00180e-06 2.00180e-06 2.00180e-06 1.75158e-06 2.50225e-06 2.00180e-06 3.00270e-06 3.00270e-06
7.50676e-07 1.00090e-06 2.50225e-07 5.00450e-07 1.00090e-06 2.50225e-07 2.50225e-07 1.25113e-06 1.75158e-06 2.00180e-06
1.25113e-06 1.00090e-06 1.00090e-06 7.50676e-07 1.25113e-06 7.50676e-07 1.00090e-06 1.25113e-06 1.00090e-06 2.25203e-06
1.25113e-06 1.00090e-06 0.00000e+00 1.25113e-06 7.50676e-07 1.50135e-06 1.75158e-06 1.25113e-06 1.50135e-06 2.50225e-06
2.50225e-06 3.00270e-06 2.00180e-06 1.25113e-06 1.50135e-06 7.50676e-07 1.25113e-06 1.75158e-06 3.75338e-06 1.50135e-06
1.00090e-06 2.25203e-06 1.50135e-06 1.75158e-06 2.00180e-06 1.00090e-06 1.00090e-06 2.25203e-06 2.00180e-06 2.00180e-06
1.75158e-06 5.00450e-07 1.00090e-06 2.00180e-06 1.00090e-06 1.75158e-06 1.25113e-06 2.25203e-06 1.50135e-06 3.50315e-06
2.00180e-06 1.25113e-06 7.50676e-07 1.25113e-06 5.00450e-07 2.25203e-06 1.00090e-06 1.50135e-06 5.00450e-07 1.75158e-06
2.75248e-06 3.00270e-06 1.75158e-06 1.75158e-06 1.25113e-06 2.50225e-06 1.50135e-06 1.50135e-06 1.25113e-06 3.25293e-06
4.75428e-06 3.25293e-06 2.00180e-06 2.25203e-06 1.00090e-06 2.75248e-06 2.25203e-06 2.75248e-06 1.75158e-06 3.50315e-06
2.25203e-06 7.50676e-07 7.50676e-07 1.00090e-06 7.50676e-07 1.25113e-06 1.00090e-06 1.75158e-06 2.00180e-06 2.00180e-06
1.50135e-06 1.00090e-06 7.50676e-07 1.00090e-06 1.75158e-06 1.25113e-06 1.25113e-06 1.00090e-06 2.00180e-06 3.75338e-06
1.75158e-06 1.25113e-06 1.00090e-06 1.25113e-06 1.00090e-06 2.25203e-06 2.50225e-07 1.00090e-06 2.50225e-06 3.75338e-06
2.75248e-06 1.75158e-06 2.25203e-06 7.50676e-07 1.00090e-06 2.00180e-06 5.00450e-07 1.00090e-06 1.50135e-06 3.00270e-06
2.50225e-06 1.25113e-06 1.75158e-06 2.50225e-06 2.00180e-06 1.75158e-06 1.25113e-06 1.75158e-06 7.50676e-07 2.25203e-06
2.25203e-06 2.00180e-06 2.25203e-06 1.25113e-06 2.50225e-06 2.50225e-06 2.25203e-06 1.50135e-06 1.50135e-06 2.25203e-06
2.25203e-06 2.50225e-06 2.75248e-06 7.50676e-07 7.50676e-07 1.50135e-06 1.50135e-06 2.25203e-06 1.50135e-06 1.75158e-06
3.75338e-06 3.00270e-06 2.75248e-06 2.25203e-06 1.25113e-06 1.50135e-06 2.50225e-06 2.75248e-06 2.00180e-06 2.75248e-06
3.50315e-06 3.00270e-06 1.50135e-06 2.50225e-06 2.00180e-06 1.75158e-06 3.00270e-06 2.50225e-06 1.50135e-06 2.25203e-06
1.75158e-06 1.25113e-06 1.75158e-06 1.75158e-06 2.25203e-06 1.00090e-06 2.25203e-06 1.25113e-06 2.25203e-06 2.50225e-06
3.50315e-06 7.50676e-07 1.25113e-06 2.25203e-06 1.75158e-06 1.00090e-06 1.75158e-06 1.75158e-06 1.75158e-06 2.75248e-06
2.00180e-06 1.25113e-06 1.50135e-06 2.00180e-06 1.25113e-06 7.50676e-07 1.75158e-06 1.00090e-06 2.25203e-06 3.75338e-06
2.25203e-06 1.50135e-06 7.50676e-07 2.25203e-06 1.75158e-06 1.00090e-06 1.75158e-06 5.00450e-07 1.50135e-06 2.50225e-06
2.25203e-06 2.25203e-06 2.00180e-06 1.50135e-06 1.00090e-06 1.50135e-06 1.75158e-06 2.75248e-06 2.50225e-07 2.50225e-06
2.25203e-06 4.25383e-06 2.25203e-06 1.50135e-06 2.00180e-06 1.00090e-06 2.00180e-06 1.00090e-06 5.00450e-07 1.00090e-06
3.00270e-06 1.50135e-06 2.50225e-07 5.00450e-07 1.50135e-06 1.25113e-06 7.50676e-07 2.25203e-06 7.50676e-07 2.50225e-06
5.75518e-06 2.75248e-06 1.25113e-06 1.25113e-06 2.75248e-06 2.50225e-06 2.00180e-06 2.25203e-06 2.00180e-06 2.75248e-06
4.00360e-06 1.75158e-06 1.00090e-06 1.50135e-06 2.00180e-06 2.00180e-06 3.75338e-06 2.00180e-06 1.00090e-06 3.50315e-06
1.50135e-06 1.00090e-06 7.50676e-07 1.00090e-06 1.00090e-06 1.25113e-06 1.00090e-06 1.00090e-06 5.00450e-07 1.50135e-06
1.75158e-06 1.00090e-06 1.25113e-06 2.50225e-07 1.25113e-06 2.50225e-07 1.75158e-06 1.75158e-06 1.75158e-06 2.25203e-06
2.25203e-06 2.50225e-06 2.25203e-06 1.50135e-06 2.50225e-07 2.25203e-06 1.50135e-06 1.00090e-06 1.50135e-06 3.00270e-06
2.50225e-06 3.75338e-06 1.75158e-06 1.25113e-06 1.25113e-06 1.50135e-06 7.50676e-07 1.00090e-06 2.00180e-06 1.75158e-06
2.25203e-06 1.25113e-06 1.50135e-06 2.50225e-07 1.00090e-06 1.25113e-06 1.50135e-06 7.50676e-07 5.00450e-07 2.00180e-06
1.75158e-06 1.50135e-06 2.00180e-06 7.50676e-07 1.50135e-06 2.00180e-06 1.25113e-06 5.00450e-07 1.75158e-06 2.00180e-06
2.25203e-06 5.00450e-07 1.00090e-06 1.00090e-06 0.00000e+00 1.00090e-06 1.00090e-06 2.50225e-07 1.75158e-06 1.75158e-06
3.25293e-06 2.75248e-06 1.00090e-06 1.50135e-06 2.75248e-06 1.50135e-06 1.25113e-06 2.75248e-06 2.75248e-06 2.00180e-06
4.25383e-06 2.50225e-06 2.50225e-06 2.50225e-06 1.50135e-06 2.00180e-06 7.50676e-07 1.00090e-06 1.50135e-06 2.25203e-06
1.25113e-06 2.25203e-06 1.25113e-06 2.00180e-06 5.00450e-07 1.00090e-06 7.50676e-07 5.00450e-07 2.50225e-07 1.25113e-06
1.25113e-06 1.75158e-06 2.00180e-06 2.00180e-06 1.00090e-06 2.75248e-06 1.00090e-06 5.00450e-07 1.75158e-06 2.25203e-06
2.75248e-06 1.00090e-06 5.00450e-07 2.00180e-06 7.50676e-07 1.75158e-06 1.00090e-06 1.50135e-06 1.50135e-06 2.50225e-06
3.50315e-06 1.50135e-06 1.00090e-06 2.00180e-06 1.75158e-06 5.00450e-07 1.25113e-06 1.25113e-06 1.25113e-06 1.50135e-06
2.50225e-06 2.00180e-06 1.75158e-06 1.25113e-06 1.50135e-06 1.00090e-06 1.50135e-06 1.50135e-06 1.50135e-06 2.25203e-06
2.25203e-06 1.75158e-06 1.25113e-06 1.75158e-06 1.75158e-06 1.50135e-06 7.50676e-07 5.00450e-07 2.00180e-06 2.75248e-06
3.50315e-06 1.00090e-06 2.00180e-06 2.00180e-06 1.25113e-06 7.50676e-07 2.50225e-07 1.00090e-06 1.50135e-06 2.75248e-06
4.00360e-06 1.25113e-06 1.75158e-06 1.25113e-06 2.50225e-06 1.50135e-06 1.25113e-06 2.50225e-06 2.25203e-06 4.50405e-06
2.50225e-06 1.50135e-06 2.50225e-06 2.50225e-06 1.50135e-06 2.25203e-06 2.75248e-06 2.50225e-06 3.00270e-06 2.00180e-06
1.00090e-06 0.00000e+00 1.00090e-06 3.00270e-06 1.00090e-06 1.50135e-06 1.00090e-06 5.00450e-07 7.50676e-07 1.25113e-06
5.00450e-07 5.00450e-07 1.00090e-06 5.00450e-07 1.00090e-06 5.00450e-07 1.50135e-06 5.00450e-07 2.25203e-06 2.50225e-06
1.00090e-06 7.50676e-07 1.25113e-06 7.50676e-07 5.00450e-07 7.50676e-07 1.25113e-06 1.00090e-06 7.50676e-07 2.25203e-06
1.25113e-06 2.50225e-07 5.00450e-07 7.50676e-07 1.00090e-06 7.50676e-07 7.50676e-07 1.00090e-06 1.00090e-06 3.25293e-06
2.75248e-06 1.50135e-06 1.25113e-06 5.00450e-07 1.50135e-06 7.50676e-07 7.50676e-07 7.50676e-07 1.75158e-06 2.25203e-06
2.50225e-06 2.25203e-06 2.25203e-06 1.25113e-06 1.25113e-06 2.50225e-07 0.00000e+00 7.50676e-07 1.25113e-06 1.75158e-06
1.75158e-06 1.50135e-06 1.25113e-06 1.00090e-06 7.50676e-07 1.50135e-06 1.25113e-06 1.75158e-06 1.75158e-06 2.00180e-06
3.75338e-06 2.00180e-06 1.25113e-06 1.50135e-06 1.00090e-06 1.50135e-06 2.25203e-06 1.75158e-06 1.50135e-06 3.25293e-06
2.25203e-06 1.75158e-06 2.75248e-06 1.25113e-06 1.25113e-06 1.50135e-06 2.00180e-06 1.25113e-06 1.25113e-06 1.75158e-06
7.50676e-07 7.50676e-07 5.00450e-07 1.50135e-06 1.50135e-06 1.25113e-06 1.50135e-06 1.75158e-06 1.50135e-06 7.50676e-07
1.50135e-06 1.50135e-06 2.25203e-06 1.50135e-06 7.50676e-07 1.50135e-06 1.25113e-06 1.50135e-06 2.00180e-06 2.00180e-06
3.75338e-06 2.00180e-06 5.00450e-07 1.25113e-06 1.25113e-06 1.00090e-06 7.50676e-07 7.50676e-07 1.75158e-06 2.25203e-06
3.00270e-06 7.50676e-07 1.00090e-06 1.25113e-06 5.00450e-07 1.00090e-06 2.50225e-07 5.00450e-07 7.50676e-07 2.25203e-06
2.50225e-06 1.75158e-06 1.00090e-06 1.25113e-06 5.00450e-07 7.50676e-07 7.50676e-07 7.50676e-07 1.00090e-06 2.50225e-06
1.50135e-06 2.00180e-06 1.00090e-06 2.50225e-07 5.00450e-07 1.50135e-06 1.50135e-06 1.50135e-06 1.75158e-06 1.75158e-06
1.50135e-06 1.25113e-06 1.50135e-06 2.00180e-06 7.50676e-07 7.50676e-07 1.75158e-06 5.00450e-07 1.75158e-06 2.00180e-06
2.50225e-06 1.75158e-06 1.75158e-06 2.25203e-06 2.50225e-06 2.00180e-06 2.00180e-06 2.00180e-06 3.00270e-06 3.25293e-06
3.50315e-06 3.00270e-06 1.25113e-06 1.75158e-06 1.50135e-06 1.25113e-06 1.00090e-06 1.00090e-06 3.00270e-06 3.25293e-06
1.75158e-06 1.00090e-06 1.25113e-06 7.50676e-07 7.50676e-07 5.00450e-07 5.00450e-07 1.00090e-06 1.50135e-06 3.25293e-06
2.00180e-06 1.00090e-06 7.50676e-07 1.25113e-06 1.25113e-06 1.25113e-06 1.25113e-06 1.00090e-06 2.25203e-06 2.00180e-06
2.00180e-06 1.00090e-06 1.00090e-06 7.50676e-07 1.25113e-06 1.25113e-06 1.50135e-06 1.00090e-06 2.00180e-06 2.00180e-06
2.25203e-06 2.00180e-06 3.25293e-06 7.50676e-07 1.25113e-06 1.50135e-06 5.00450e-07 1.25113e-06 5.00450e-07 1.75158e-06
1.75158e-06 1.50135e-06 1.50135e-06 1.25113e-06 1.00090e-06 1.75158e-06 1.25113e-06 1.50135e-06 1.75158e-06 3.00270e-06
1.25113e-06 2.50225e-06 1.75158e-06 3.00270e-06 1.25113e-06 1.25113e-06 2.25203e-06 1.50135e-06 1.25113e-06 2.00180e-06
7.50676e-07 1.50135e-06 5.00450e-07 1.00090e-06 5.00450e-07 5.00450e-07 2.50225e-07 7.50676e-07 1.75158e-06 1.50135e-06
2.25203e-06 2.00180e-06 1.50135e-06 1.25113e-06 1.75158e-06 7.50676e-07 7.50676e-07 1.00090e-06 4.00360e-06 2.00180e-06
3.00270e-06 1.25113e-06 2.00180e-06 1.50135e-06 1.00090e-06 1.50135e-06 1.00090e-06 1.75158e-06 2.75248e-06 3.75338e-06
2.00180e-06 2.50225e-07 1.00090e-06 7.50676e-07 5.00450e-07 5.00450e-07 1.25113e-06 2.50225e-07 1.00090e-06 2.00180e-06
1.75158e-06 1.25113e-06 1.75158e-06 1.50135e-06 5.00450e-07 1.50135e-06 5.00450e-07 1.00090e-06 1.75158e-06 2.25203e-06
3.50315e-06 1.50135e-06 1.25113e-06 1.00090e-06 2.50225e-06 1.25113e-06 5.00450e-07 1.25113e-06 2.25203e-06 1.75158e-06
1.75158e-06 2.25203e-06 1.75158e-06 2.25203e-06 7.50676e-07 1.50135e-06 1.00090e-06 1.00090e-06 1.00090e-06 1.50135e-06
2.50225e-06 1.50135e-06 1.25113e-06 2.00180e-06 1.00090e-06 2.50225e-07 5.00450e-07 1.75158e-06 2.25203e-06 2.50225e-06
2.00180e-06 1.25113e-06 1.50135e-06 1.25113e-06 7.50676e-07 1.25113e-06 2.00180e-06 2.00180e-06 1.50135e-06 2.50225e-06
1.50135e-06 5.00450e-07 0.00000e+00 1.00090e-06 7.50676e-07 7.50676e-07 1.00090e-06 7.50676e-07 1.50135e-06 1.50135e-06
1.75158e-06 2.25203e-06 1.50135e-06 2.75248e-06 1.75158e-06 1.75158e-06 2.25203e-06 2.00180e-06 2.25203e-06 2.75248e-06
1.75158e-06 2.75248e-06 2.25203e-06 1.50135e-06 1.50135e-06 1.75158e-06 7.50676e-07 2.00180e-06 2.50225e-06 2.00180e-06
1.50135e-06 1.75158e-06 7.50676e-07 1.25113e-06 1.25113e-06 5.00450e-07 7.50676e-07 5.00450e-07 7.50676e-07 2.00180e-06
2.00180e-06 2.25203e-06 7.50676e-07 1.00090e-06 7.50676e-07 7.50676e-07 1.50135e-06 1.00090e-06 1.75158e-06 2.00180e-06
1.50135e-06 2.50225e-06 1.00090e-06 1.00090e-06 1.00090e-06 1.25113e-06 1.25113e-06 1.00090e-06 1.25113e-06 2.00180e-06
2.25203e-06 1.50135e-06 7.50676e-07 1.25113e-06 1.25113e-06 1.00090e-06 7.50676e-07 1.00090e-06 1.75158e-06 2.50225e-06
1.75158e-06 2.25203e-06 2.75248e-06 1.00090e-06 1.75158e-06 7.50676e-07 1.25113e-06 1.50135e-06 1.75158e-06 2.00180e-06
1.50135e-06 3.00270e-06 1.50135e-06 1.25113e-06 2.25203e-06 1.50135e-06 1.25113e-06 5.00450e-07 2.75248e-06 3.25293e-06
2.00180e-06 1.50135e-06 5.00450e-07 1.25113e-06 1.25113e-06 1.25113e-06 1.25113e-06 5.00450e-07 1.25113e-06 2.00180e-06
4.00360e-06 2.00180e-06 2.00180e-06 2.00180e-06 2.50225e-06 1.25113e-06 1.50135e-06 1.25113e-06 7.50676e-07 2.25203e-06
3.75338e-06 2.25203e-06 2.50225e-06 1.25113e-06 1.75158e-06 2.00180e-06 2.50225e-06 3.50315e-06 2.50225e-06 2.75248e-06
2.00180e-06 2.00180e-06 1.50135e-06 1.75158e-06 2.00180e-06 2.25203e-06 2.00180e-06 2.75248e-06 2.75248e-06 1.75158e-06
3.25293e-06 1.75158e-06 5.00450e-07 2.50225e-06 2.75248e-06 1.25113e-06 1.50135e-06 1.75158e-06 1.75158e-06 2.50225e-06
2.50225e-06 1.00090e-06 1.25113e-06 2.50225e-06 1.25113e-06 2.50225e-07 1.50135e-06 1.00090e-06 1.50135e-06 1.25113e-06
5.00450e-07 5.00450e-07 1.00090e-06 2.75248e-06 1.75158e-06 5.00450e-07 1.00090e-06 1.50135e-06 1.25113e-06 2.50225e-06
2.00180e-06 1.25113e-06 1.25113e-06 1.25113e-06 1.75158e-06 1.50135e-06 2.50225e-06 1.25113e-06 2.50225e-06 2.75248e-06
2.00180e-06 1.25113e-06 1.25113e-06 1.25113e-06 1.00090e-06 1.25113e-06 1.50135e-06 3.25293e-06 2.25203e-06 2.25203e-06
2.00180e-06 2.50225e-07 0.00000e+00 2.50225e-07 1.25113e-06 7.50676e-07 1.50135e-06 2.00180e-06 2.25203e-06 2.00180e-06
3.25293e-06 7.50676e-07 2.00180e-06 2.50225e-06 1.75158e-06 1.50135e-06 2.00180e-06 2.00180e-06 2.75248e-06 2.75248e-06
2.50225e-06 1.00090e-06 2.50225e-06 1.00090e-06 1.00090e-06 1.50135e-06 1.00090e-06 1.75158e-06 2.00180e-06 3.50315e-06
3.50315e-06 7.50676e-07 7.50676e-07 7.50676e-07 7.50676e-07 5.00450e-07 7.50676e-07 7.50676e-07 3.00270e-06 2.50225e-06
2.25203e-06 3.00270e-06 2.50225e-06 1.25113e-06 1.50135e-06 1.50135e-06 1.00090e-06 7.50676e-07 1.50135e-06 2.75248e-06
2.25203e-06 1.50135e-06 2.25203e-06 1.25113e-06 1.00090e-06 5.00450e-07 1.00090e-06 1.75158e-06 1.25113e-06 2.00180e-06
2.75248e-06 1.75158e-06 3.00270e-06 1.00090e-06 1.75158e-06 5.00450e-07 1.25113e-06 1.75158e-06 1.25113e-06 1.75158e-06
3.50315e-06 2.50225e-06 2.00180e-06 1.50135e-06 2.25203e-06 1.50135e-06 1.50135e-06 2.75248e-06 1.75158e-06 2.75248e-06
1.75158e-06 1.50135e-06 1.75158e-06 1.00090e-06 1.50135e-06 1.50135e-06 1.00090e-06 1.75158e-06 2.75248e-06 3.00270e-06
1.00090e-06 1.50135e-06 2.00180e-06 1.50135e-06 1.75158e-06 1.00090e-06 1.00090e-06 7.50676e-07 1.00090e-06 1.00090e-06
2.00180e-06 1.75158e-06 1.25113e-06 1.75158e-06 7.50676e-07 2.00180e-06 1.50135e-06 1.50135e-06 2.00180e-06 2.25203e-06
3.00270e-06 3.25293e-06 1.75158e-06 2.00180e-06 1.75158e-06 2.00180e-06 2.25203e-06 1.75158e-06 1.75158e-06 2.25203e-06
2.75248e-06 2.50225e-06 1.25113e-06 2.00180e-06 1.00090e-06 5.00450e-07 7.50676e-07 1.00090e-06 1.75158e-06 1.50135e-06
1.25113e-06 2.75248e-06 2.00180e-06 1.50135e-06 1.25113e-06 7.50676e-07 1.00090e-06 3.00270e-06 2.75248e-06 2.00180e-06
2.00180e-06 1.50135e-06 2.00180e-06 5.00450e-07 1.25113e-06 1.00090e-06 2.00180e-06 1.00090e-06 1.25113e-06 2.25203e-06
2.50225e-06 1.25113e-06 7.50676e-07 7.50676e-07 2.50225e-07 2.50225e-07 1.25113e-06 2.00180e-06 1.50135e-06 3.00270e-06
3.00270e-06 1.75158e-06 1.00090e-06 1.00090e-06 1.25113e-06 1.25113e-06 1.25113e-06 1.75158e-06 1.00090e-06 2.75248e-06
2.75248e-06 7.50676e-07 5.00450e-07 7.50676e-07 1.00090e-06 5.00450e-07 1.00090e-06 1.50135e-06 1.75158e-06 1.00090e-06
1.75158e-06 1.50135e-06 1.00090e-06 5.00450e-07 1.75158e-06 1.25113e-06 1.25113e-06 1.50135e-06 2.50225e-07 2.00180e-06
1.75158e-06 2.25203e-06 2.75248e-06 2.75248e-06 2.25203e-06 2.75248e-06 3.25293e-06 3.00270e-06 2.00180e-06 2.75248e-06
1.75158e-06 3.25293e-06 1.75158e-06 1.25113e-06 2.00180e-06 2.25203e-06 3.00270e-06 2.00180e-06 1.00090e-06 1.50135e-06
2.75248e-06 2.50225e-06 1.25113e-06 1.50135e-06 7.50676e-07 1.75158e-06 1.00090e-06 2.50225e-07 7.50676e-07 1.50135e-06
2.25203e-06 2.25203e-06 1.50135e-06 1.75158e-06 1.25113e-06 1.50135e-06 1.50135e-06 1.00090e-06 1.50135e-06 1.75158e-06
1.50135e-06 1.50135e-06 2.25203e-06 1.50135e-06 1.50135e-06 1.50135e-06 1.00090e-06 1.25113e-06 1.50135e-06 1.25113e-06
1.50135e-06 2.50225e-06 1.50135e-06 1.25113e-06 1.25113e-06 1.25113e-06 1.25113e-06 1.25113e-06 2.00180e-06 1.50135e-06
3.25293e-06 2.75248e-06 2.50225e-06 2.25203e-06 1.50135e-06 1.00090e-06 7.50676e-07 1.00090e-06 2.50225e-07 1.50135e-06
3.25293e-06 2.00180e-06 2.50225e-06 1.25113e-06 2.00180e-06 1.50135e-06 1.75158e-06 1.25113e-06 5.00450e-07 2.25203e-06
1.75158e-06 1.75158e-06 1.50135e-06 7.50676e-07 7.50676e-07 1.00090e-06 1.50135e-06 2.50225e-07 2.50225e-07 2.25203e-06
2.50225e-06 2.00180e-06 2.50225e-06 2.50225e-06 3.25293e-06 2.25203e-06 1.25113e-06 1.50135e-06 1.25113e-06 2.75248e-06
2.00180e-06 2.00180e-06 1.75158e-06 1.75158e-06 7.50676e-07 1.75158e-06 1.00090e-06 2.25203e-06 2.00180e-06 3.25293e-06
2.00180e-06 1.00090e-06 7.50676e-07 7.50676e-07 1.50135e-06 7.50676e-07 2.50225e-07 5.00450e-07 1.50135e-06 1.50135e-06
3.00270e-06 1.75158e-06 1.50135e-06 1.50135e-06 1.50135e-06 1.75158e-06 2.25203e-06 1.50135e-06 2.50225e-06 2.25203e-06
2.50225e-06 1.50135e-06 1.00090e-06 7.50676e-07 5.00450e-07 7.50676e-07 1.25113e-06 1.75158e-06 2.50225e-06 2.00180e-06
1.50135e-06 2.25203e-06 1.00090e-06 1.25113e-06 1.50135e-06 1.50135e-06 1.25113e-06 1.25113e-06 7.50676e-07 3.25293e-06
2.00180e-06 2.00180e-06 1.50135e-06 2.25203e-06 1.50135e-06 5.00450e-07 2.50225e-07 7.50676e-07 7.50676e-07 2.50225e-06
3.25293e-06 1.00090e-06 1.50135e-06 1.25113e-06 7.50676e-07 7.50676e-07 7.50676e-07 1.75158e-06 1.25113e-06 2.75248e-06
2.00180e-06 1.00090e-06 1.25113e-06 2.25203e-06 7.50676e-07 1.00090e-06 1.25113e-06 7.50676e-07 7.50676e-07 2.00180e-06
3.00270e-06 2.75248e-06 1.25113e-06 1.50135e-06 2.25203e-06 2.50225e-06 1.50135e-06 2.50225e-06 1.50135e-06 2.75248e-06
2.00180e-06 2.00180e-06 5.00450e-07 1.25113e-06 2.25203e-06 2.00180e-06 2.75248e-06 3.25293e-06 2.75248e-06 3.75338e-06
1.75158e-06 1.00090e-06 5.00450e-07 1.00090e-06 5.00450e-07 1.50135e-06 1.00090e-06 1.25113e-06 7.50676e-07 2.50225e-06
2.75248e-06 1.00090e-06 1.25113e-06 1.50135e-06 1.00090e-06 2.25203e-06 7.50676e-07 1.25113e-06 1.25113e-06 3.75338e-06
3.00270e-06 1.25113e-06 1.75158e-06 1.50135e-06 1.50135e-06 3.00270e-06 1.50135e-06 1.25113e-06 1.50135e-06 3.25293e-06
4.00360e-06 2.00180e-06 7.50676e-07 1.25113e-06 1.75158e-06 2.00180e-06 1.50135e-06 1.00090e-06 7.50676e-07 2.00180e-06
2.75248e-06 1.25113e-06 1.50135e-06 1.50135e-06 1.00090e-06 2.00180e-06 1.50135e-06 1.00090e-06 1.25113e-06 3.00270e-06
1.50135e-06 1.00090e-06 1.50135e-06 2.25203e-06 1.00090e-06 5.00450e-07 1.00090e-06 2.50225e-07 1.75158e-06 3.25293e-06
2.00180e-06 1.75158e-06 1.75158e-06 2.00180e-06 7.50676e-07 1.00090e-06 5.00450e-07 7.50676e-07 1.25113e-06 2.25203e-06
2.50225e-06 2.00180e-06 1.75158e-06 2.00180e-06 1.50135e-06 1.00090e-06 1.50135e-06 1.25113e-06 1.75158e-06 1.75158e-06
3.25293e-06 2.25203e-06 2.25203e-06 2.75248e-06 1.50135e-06 1.00090e-06 2.00180e-06 2.25203e-06 2.50225e-06 2.50225e-06
1.75158e-06 1.25113e-06 5.00450e-07 0.00000e+00 1.00090e-06 7.50676e-07 1.00090e-06 1.50135e-06 2.75248e-06 2.00180e-06
2.50225e-06 1.00090e-06 5.00450e-07 7.50676e-07 1.00090e-06 2.25203e-06 1.00090e-06 1.00090e-06 1.50135e-06 2.00180e-06
3.75338e-06 1.75158e-06 1.75158e-06 1.75158e-06 1.25113e-06 3.25293e-06 1.50135e-06 2.25203e-06 3.25293e-06 2.00180e-06
4.75428e-06 3.00270e-06 1.50135e-06 3.00270e-06 2.25203e-06 4.00360e-06 3.25293e-06 2.50225e-06 3.50315e-06 3.25293e-06
