1.92481e-06 1.92481e-06 2.30977e-06 2.69473e-06 3.84962e-07 1.15489e-06 1.53985e-06 1.53985e-06 1.15489e-06 3.84962e-07 7.69924e-07 1.92481e-06 1.15489e-06 2.30977e-06 1.53985e-06 2.69473e-06 7.69924e-07 1.53985e-06 1.15489e-06 1.53985e-06
7.69924e-07 1.53985e-06 7.69924e-07 3.84962e-07 0.00000e+00 7.69924e-07 7.69924e-07 7.69924e-07 7.69924e-07 0.00000e+00 0.00000e+00 7.69924e-07 1.53985e-06 1.15489e-06 7.69924e-07 3.84962e-07 0.00000e+00 2.69473e-06 1.53985e-06 7.69924e-07
3.84962e-07 0.00000e+00 3.84962e-07 7.69924e-07 3.84962e-07 3.84962e-07 0.00000e+00 0.00000e+00 7.69924e-07 7.69924e-07 3.84962e-07 3.84962e-07 7.69924e-07 1.15489e-06 3.84962e-07 3.84962e-07 0.00000e+00 7.69924e-07 0.00000e+00 0.00000e+00
7.69924e-07 0.00000e+00 3.84962e-07 7.69924e-07 7.69924e-07 3.84962e-07 0.00000e+00 3.84962e-07 1.15489e-06 1.53985e-06 1.53985e-06 3.84962e-07 3.84962e-07 1.15489e-06 7.69924e-07 3.84962e-07 3.84962e-07 3.84962e-07 0.00000e+00 1.15489e-06
1.53985e-06 3.84962e-07 7.69924e-07 3.84962e-07 1.53985e-06 0.00000e+00 3.84962e-07 3.84962e-07 7.69924e-07 0.00000e+00 7.69924e-07 3.84962e-07 3.84962e-07 1.15489e-06 3.84962e-07 0.00000e+00 0.00000e+00 3.84962e-07 3.84962e-07 7.69924e-07
1.15489e-06 0.00000e+00 7.69924e-07 0.00000e+00 3.84962e-07 3.84962e-07 3.84962e-07 3.84962e-07 7.69924e-07 7.69924e-07 7.69924e-07 3.84962e-07 7.69924e-07 7.69924e-07 7.69924e-07 0.00000e+00 0.00000e+00 0.00000e+00 3.84962e-07 3.84962e-07
1.53985e-06 3.84962e-07 7.69924e-07 3.84962e-07 7.69924e-07 7.69924e-07 0.00000e+00 7.69924e-07 3.84962e-07 3.84962e-07 7.69924e-07 0.00000e+00 0.00000e+00 3.84962e-07 0.00000e+00 0.00000e+00 0.00000e+00 3.84962e-07 7.69924e-07 7.69924e-07
7.69924e-07 1.53985e-06 0.00000e+00 1.53985e-06 1.15489e-06 3.84962e-07 0.00000e+00 0.00000e+00 0.00000e+00 3.84962e-07 0.00000e+00 0.00000e+00 0.00000e+00 3.84962e-07 0.00000e+00 0.00000e+00 0.00000e+00 0.00000e+00 0.00000e+00 1.15489e-06
7.69924e-07 1.15489e-06 0.00000e+00 3.84962e-07 3.84962e-07 7.69924e-07 7.69924e-07 0.00000e+00 0.00000e+00 3.84962e-07 3.84962e-07 3.84962e-07 3.84962e-07 0.00000e+00 0.00000e+00 3.84962e-07 3.84962e-07 0.00000e+00 7.69924e-07 7.69924e-07
1.15489e-06 3.84962e-07 0.00000e+00 3.84962e-07 1.15489e-06 1.15489e-06 3.84962e-07 3.84962e-07 7.69924e-07 0.00000e+00 1.15489e-06 3.84962e-07 7.69924e-07 3.84962e-07 0.00000e+00 1.15489e-06 0.00000e+00 0.00000e+00 3.84962e-07 1.92481e-06
1.15489e-06 0.00000e+00 0.00000e+00 0.00000e+00 7.69924e-07 7.69924e-07 7.69924e-07 7.69924e-07 1.15489e-06 3.84962e-07 1.15489e-06 7.69924e-07 7.69924e-07 0.00000e+00 7.69924e-07 1.15489e-06 7.69924e-07 1.15489e-06 7.69924e-07 1.15489e-06
7.69924e-07 0.00000e+00 0.00000e+00 3.84962e-07 0.00000e+00 3.84962e-07 0.00000e+00 0.00000e+00 3.84962e-07 1.15489e-06 7.69924e-07 7.69924e-07 0.00000e+00 0.00000e+00 3.84962e-07 1.15489e-06 0.00000e+00 3.84962e-07 3.84962e-07 7.69924e-07
1.15489e-06 3.84962e-07 1.15489e-06 3.84962e-07 0.00000e+00 3.84962e-07 0.00000e+00 0.00000e+00 7.69924e-07 3.84962e-07 7.69924e-07 3.84962e-07 0.00000e+00 0.00000e+00 3.84962e-07 0.00000e+00 7.69924e-07 7.69924e-07 3.84962e-07 3.84962e-07
0.00000e+00 0.00000e+00 0.00000e+00 3.84962e-07 7.69924e-07 7.69924e-07 0.00000e+00 0.00000e+00 0.00000e+00 3.84962e-07 7.69924e-07 3.84962e-07 7.69924e-07 0.00000e+00 0.00000e+00 3.84962e-07 1.15489e-06 7.69924e-07 1.15489e-06 1.15489e-06
0.00000e+00 3.84962e-07 1.53985e-06 7.69924e-07 7.69924e-07 3.84962e-07 7.69924e-07 3.84962e-07 0.00000e+00 1.15489e-06 1.15489e-06 7.69924e-07 7.69924e-07 3.84962e-07 0.00000e+00 7.69924e-07 0.00000e+00 1.15489e-06 0.00000e+00 1.15489e-06
7.69924e-07 3.84962e-07 3.84962e-07 7.69924e-07 7.69924e-07 3.84962e-07 0.00000e+00 0.00000e+00 7.69924e-07 3.84962e-07 0.00000e+00 0.00000e+00 0.00000e+00 0.00000e+00 0.00000e+00 7.69924e-07 0.00000e+00 0.00000e+00 7.69924e-07 1.15489e-06
7.69924e-07 1.92481e-06 3.84962e-07 7.69924e-07 3.84962e-07 3.84962e-07 7.69924e-07 0.00000e+00 3.84962e-07 7.69924e-07 3.84962e-07 3.84962e-07 3.84962e-07 3.84962e-07 3.84962e-07 3.84962e-07 0.00000e+00 7.69924e-07 7.69924e-07 7.69924e-07
0.00000e+00 7.69924e-07 7.69924e-07 0.00000e+00 7.69924e-07 0.00000e+00 7.69924e-07 3.84962e-07 0.00000e+00 3.84962e-07 7.69924e-07 0.00000e+00 0.00000e+00 0.00000e+00 0.00000e+00 3.84962e-07 0.00000e+00 3.84962e-07 7.69924e-07 3.84962e-07
1.53985e-06 1.15489e-06 0.00000e+00 7.69924e-07 1.53985e-06 1.15489e-06 1.15489e-06 7.69924e-07 3.84962e-07 3.84962e-07 1.15489e-06 3.84962e-07 7.69924e-07 7.69924e-07 1.15489e-06 0.00000e+00 0.00000e+00 1.92481e-06 2.30977e-06 4.23458e-06
2.30977e-06 3.84962e-07 7.69924e-07 7.69924e-07 7.69924e-07 1.15489e-06 7.69924e-07 7.69924e-07 3.84962e-07 3.84962e-07 7.69924e-07 1.53985e-06 1.15489e-06 1.92481e-06 7.69924e-07 3.84962e-07 3.84962e-07 3.84962e-07 1.15489e-06 1.15489e-06
3.84962e-07 3.84962e-07 3.84962e-07 0.00000e+00 7.69924e-07 1.15489e-06 7.69924e-07 3.84962e-07 0.00000e+00 0.00000e+00 7.69924e-07 7.69924e-07 3.84962e-07 3.84962e-07 0.00000e+00 7.69924e-07 0.00000e+00 7.69924e-07 3.84962e-07 3.84962e-07
1.15489e-06 1.15489e-06 0.00000e+00 0.00000e+00 0.00000e+00 3.84962e-07 7.69924e-07 0.00000e+00 7.69924e-07 7.69924e-07 7.69924e-07 7.69924e-07 3.84962e-07 3.84962e-07 7.69924e-07 3.84962e-07 3.84962e-07 1.15489e-06 0.00000e+00 1.15489e-06
3.07969e-06 1.53985e-06 0.00000e+00 3.84962e-07 0.00000e+00 3.84962e-07 7.69924e-07 3.84962e-07 7.69924e-07 3.84962e-07 0.00000e+00 0.00000e+00 3.84962e-07 3.84962e-07 0.00000e+00 0.00000e+00 1.15489e-06 0.00000e+00 0.00000e+00 1.92481e-06
1.92481e-06 3.84962e-07 0.00000e+00 1.15489e-06 0.00000e+00 3.84962e-07 7.69924e-07 0.00000e+00 3.84962e-07 1.15489e-06 0.00000e+00 3.84962e-07 7.69924e-07 0.00000e+00 0.00000e+00 7.69924e-07 1.15489e-06 3.84962e-07 3.84962e-07 1.15489e-06
1.53985e-06 7.69924e-07 3.84962e-07 1.53985e-06 3.84962e-07 0.00000e+00 7.69924e-07 3.84962e-07 3.84962e-07 3.84962e-07 3.84962e-07 3.84962e-07 0.00000e+00 0.00000e+00 7.69924e-07 7.69924e-07 3.84962e-07 0.00000e+00 3.84962e-07 1.53985e-06
3.84962e-07 0.00000e+00 0.00000e+00 1.15489e-06 0.00000e+00 0.00000e+00 7.69924e-07 1.15489e-06 7.69924e-07 3.84962e-07 0.00000e+00 3.84962e-07 3.84962e-07 3.84962e-07 3.84962e-07 3.84962e-07 7.69924e-07 3.84962e-07 1.92481e-06 1.15489e-06
1.53985e-06 7.69924e-07 7.69924e-07 7.69924e-07 3.84962e-07 3.84962e-07 0.00000e+00 3.84962e-07 3.84962e-07 3.84962e-07 7.69924e-07 3.84962e-07 0.00000e+00 0.00000e+00 0.00000e+00 3.84962e-07 7.69924e-07 7.69924e-07 1.53985e-06 7.69924e-07
3.07969e-06 1.15489e-06 1.15489e-06 3.84962e-07 3.84962e-07 3.84962e-07 3.84962e-07 3.84962e-07 1.15489e-06 7.69924e-07 3.84962e-07 3.84962e-07 0.00000e+00 0.00000e+00 0.00000e+00 7.69924e-07 1.53985e-06 1.92481e-06 7.69924e-07 1.92481e-06
3.07969e-06 3.84962e-07 3.84962e-07 3.84962e-07 3.84962e-07 3.84962e-07 3.84962e-07 1.53985e-06 1.92481e-06 1.92481e-06 1.15489e-06 1.15489e-06 1.15489e-06 7.69924e-07 3.84962e-07 7.69924e-07 1.15489e-06 2.30977e-06 7.69924e-07 1.92481e-06
1.53985e-06 0.00000e+00 3.84962e-07 0.00000e+00 3.84962e-07 0.00000e+00 0.00000e+00 0.00000e+00 3.84962e-07 7.69924e-07 1.15489e-06 3.84962e-07 3.84962e-07 3.84962e-07 0.00000e+00 3.84962e-07 0.00000e+00 3.84962e-07 0.00000e+00 1.53985e-06
7.69924e-07 1.15489e-06 3.84962e-07 3.84962e-07 7.69924e-07 3.84962e-07 0.00000e+00 7.69924e-07 1.15489e-06 7.69924e-07 7.69924e-07 3.84962e-07 7.69924e-07 3.84962e-07 7.69924e-07 1.15489e-06 3.84962e-07 0.00000e+00 0.00000e+00 7.69924e-07
1.15489e-06 7.69924e-07 3.84962e-07 3.84962e-07 1.53985e-06 3.84962e-07 0.00000e+00 3.84962e-07 3.84962e-07 3.84962e-07 7.69924e-07 3.84962e-07 3.84962e-07 0.00000e+00 0.00000e+00 3.84962e-07 7.69924e-07 7.69924e-07 1.15489e-06 1.15489e-06
2.30977e-06 1.15489e-06 0.00000e+00 7.69924e-07 1.53985e-06 3.84962e-07 3.84962e-07 3.84962e-07 0.00000e+00 0.00000e+00 7.69924e-07 3.84962e-07 0.00000e+00 0.00000e+00 0.00000e+00 0.00000e+00 3.84962e-07 0.00000e+00 3.84962e-07 1.15489e-06
3.84962e-07 0.00000e+00 3.84962e-07 3.84962e-07 3.84962e-07 0.00000e+00 0.00000e+00 3.84962e-07 3.84962e-07 7.69924e-07 1.15489e-06 3.84962e-07 3.84962e-07 0.00000e+00 0.00000e+00 7.69924e-07 3.84962e-07 7.69924e-07 3.84962e-07 1.92481e-06
0.00000e+00 3.84962e-07 3.84962e-07 3.84962e-07 0.00000e+00 7.69924e-07 7.69924e-07 3.84962e-07 7.69924e-07 3.84962e-07 1.53985e-06 3.84962e-07 3.84962e-07 0.00000e+00 3.84962e-07 7.69924e-07 3.84962e-07 1.92481e-06 3.84962e-07 3.84962e-07
1.15489e-06 7.69924e-07 7.69924e-07 3.84962e-07 3.84962e-07 0.00000e+00 7.69924e-07 3.84962e-07 0.00000e+00 3.84962e-07 3.84962e-07 3.84962e-07 3.84962e-07 0.00000e+00 3.84962e-07 0.00000e+00 0.00000e+00 7.69924e-07 0.00000e+00 3.84962e-07
3.07969e-06 1.92481e-06 3.84962e-07 1.53985e-06 1.53985e-06 1.15489e-06 7.69924e-07 0.00000e+00 0.00000e+00 7.69924e-07 1.15489e-06 7.69924e-07 7.69924e-07 7.69924e-07 7.69924e-07 0.00000e+00 0.00000e+00 7.69924e-07 1.15489e-06 3.84962e-07
2.69473e-06 2.30977e-06 1.15489e-06 1.53985e-06 3.84962e-07 1.53985e-06 3.84962e-07 7.69924e-07 3.84962e-07 3.84962e-07 3.84962e-07 7.69924e-07 1.15489e-06 7.69924e-07 3.84962e-07 7.69924e-07 0.00000e+00 7.69924e-07 7.69924e-07 3.84962e-07
1.15489e-06 7.69924e-07 1.15489e-06 0.00000e+00 3.84962e-07 7.69924e-07 7.69924e-07 7.69924e-07 0.00000e+00 0.00000e+00 7.69924e-07 7.69924e-07 0.00000e+00 3.84962e-07 3.84962e-07 7.69924e-07 3.84962e-07 0.00000e+00 7.69924e-07 3.84962e-07
1.92481e-06 7.69924e-07 7.69924e-07 0.00000e+00 1.15489e-06 7.69924e-07 1.53985e-06 7.69924e-07 0.00000e+00 3.84962e-07 7.69924e-07 3.84962e-07 3.84962e-07 3.84962e-07 0.00000e+00 7.69924e-07 1.15489e-06 1.15489e-06 1.15489e-06 7.69924e-07
3.07969e-06 3.84962e-07 1.15489e-06 3.84962e-07 1.15489e-06 3.84962e-07 1.15489e-06 0.00000e+00 1.15489e-06 3.84962e-07 0.00000e+00 3.84962e-07 1.15489e-06 3.84962e-07 3.84962e-07 3.84962e-07 7.69924e-07 7.69924e-07 7.69924e-07 1.15489e-06
1.92481e-06 1.15489e-06 7.69924e-07 7.69924e-07 7.69924e-07 3.84962e-07 1.15489e-06 3.84962e-07 7.69924e-07 3.84962e-07 7.69924e-07 3.84962e-07 3.84962e-07 7.69924e-07 3.84962e-07 7.69924e-07 3.84962e-07 0.00000e+00 0.00000e+00 1.15489e-06
7.69924e-07 7.69924e-07 7.69924e-07 3.84962e-07 3.84962e-07 1.15489e-06 3.84962e-07 0.00000e+00 0.00000e+00 0.00000e+00 0.00000e+00 0.00000e+00 3.84962e-07 1.15489e-06 0.00000e+00 7.69924e-07 3.84962e-07 3.84962e-07 0.00000e+00 7.69924e-07
7.69924e-07 7.69924e-07 7.69924e-07 0.00000e+00 1.53985e-06 1.53985e-06 3.84962e-07 0.00000e+00 1.15489e-06 0.00000e+00 0.00000e+00 1.15489e-06 3.84962e-07 7.69924e-07 0.00000e+00 0.00000e+00 0.00000e+00 3.84962e-07 0.00000e+00 3.84962e-07
7.69924e-07 3.84962e-07 7.69924e-07 3.84962e-07 7.69924e-07 1.53985e-06 7.69924e-07 0.00000e+00 0.00000e+00 3.84962e-07 3.84962e-07 7.69924e-07 3.84962e-07 1.15489e-06 3.84962e-07 3.84962e-07 0.00000e+00 0.00000e+00 0.00000e+00 0.00000e+00
1.53985e-06 1.15489e-06 1.53985e-06 1.15489e-06 1.53985e-06 1.53985e-06 3.84962e-07 7.69924e-07 3.84962e-07 1.15489e-06 0.00000e+00 1.15489e-06 3.84962e-07 7.69924e-07 1.15489e-06 1.15489e-06 3.84962e-07 0.00000e+00 3.84962e-07 7.69924e-07
7.69924e-07 1.15489e-06 7.69924e-07 3.84962e-07 3.84962e-07 3.84962e-07 3.84962e-07 1.15489e-06 1.53985e-06 1.15489e-06 3.84962e-07 0.00000e+00 3.84962e-07 1.15489e-06 7.69924e-07 3.84962e-07 3.84962e-07 7.69924e-07 7.69924e-07 2.30977e-06
7.69924e-07 3.84962e-07 3.84962e-07 0.00000e+00 0.00000e+00 0.00000e+00 0.00000e+00 7.69924e-07 3.84962e-07 3.84962e-07 3.84962e-07 3.84962e-07 0.00000e+00 7.69924e-07 3.84962e-07 0.00000e+00 0.00000e+00 3.84962e-07 7.69924e-07 2.30977e-06
7.69924e-07 3.84962e-07 1.15489e-06 3.84962e-07 0.00000e+00 0.00000e+00 3.84962e-07 3.84962e-07 0.00000e+00 0.00000e+00 0.00000e+00 0.00000e+00 0.00000e+00 0.00000e+00 7.69924e-07 0.00000e+00 0.00000e+00 7.69924e-07 3.84962e-07 1.92481e-06
1.53985e-06 1.15489e-06 3.84962e-07 3.84962e-07 0.00000e+00 7.69924e-07 7.69924e-07 3.84962e-07 7.69924e-07 7.69924e-07 0.00000e+00 7.69924e-07 0.00000e+00 0.00000e+00 7.69924e-07 3.84962e-07 3.84962e-07 3.84962e-07 1.15489e-06 0.00000e+00
7.69924e-07 3.84962e-07 0.00000e+00 3.84962e-07 3.84962e-07 7.69924e-07 7.69924e-07 0.00000e+00 0.00000e+00 0.00000e+00 0.00000e+00 3.84962e-07 0.00000e+00 7.69924e-07 7.69924e-07 7.69924e-07 7.69924e-07 3.84962e-07 7.69924e-07 7.69924e-07
3.84962e-07 3.84962e-07 3.84962e-07 7.69924e-07 0.00000e+00 1.15489e-06 3.84962e-07 3.84962e-07 0.00000e+00 0.00000e+00 3.84962e-07 3.84962e-07 0.00000e+00 3.84962e-07 7.69924e-07 1.53985e-06 7.69924e-07 3.84962e-07 7.69924e-07 7.69924e-07
7.69924e-07 1.53985e-06 7.69924e-07 0.00000e+00 0.00000e+00 3.84962e-07 7.69924e-07 1.15489e-06 0.00000e+00 3.84962e-07 0.00000e+00 3.84962e-07 1.15489e-06 0.00000e+00 7.69924e-07 7.69924e-07 3.84962e-07 0.00000e+00 3.84962e-07 3.84962e-07
7.69924e-07 1.53985e-06 7.69924e-07 1.53985e-06 1.53985e-06 1.15489e-06 7.69924e-07 7.69924e-07 0.00000e+00 7.69924e-07 3.84962e-07 7.69924e-07 1.15489e-06 0.00000e+00 0.00000e+00 1.15489e-06 3.84962e-07 3.84962e-07 1.15489e-06 7.69924e-07
7.69924e-07 3.84962e-07 1.15489e-06 3.84962e-07 1.15489e-06 1.15489e-06 1.15489e-06 3.84962e-07 7.69924e-07 1.15489e-06 1.53985e-06 1.15489e-06 7.69924e-07 3.84962e-07 3.84962e-07 3.84962e-07 0.00000e+00 3.84962e-07 3.84962e-07 1.53985e-06
1.92481e-06 7.69924e-07 1.15489e-06 7.69924e-07 2.30977e-06 7.69924e-07 1.15489e-06 3.84962e-07 1.15489e-06 1.15489e-06 7.69924e-07 0.00000e+00 3.84962e-07 3.84962e-07 0.00000e+00 7.69924e-07 3.84962e-07 0.00000e+00 3.84962e-07 1.53985e-06
1.53985e-06 1.53985e-06 7.69924e-07 1.15489e-06 7.69924e-07 0.00000e+00 7.69924e-07 0.00000e+00 1.53985e-06 0.00000e+00 3.84962e-07 0.00000e+00 0.00000e+00 0.00000e+00 3.84962e-07 3.84962e-07 3.84962e-07 0.00000e+00 3.84962e-07 7.69924e-07
1.92481e-06 3.07969e-06 7.69924e-07 3.84962e-07 3.84962e-07 3.84962e-07 7.69924e-07 0.00000e+00 7.69924e-07 3.84962e-07 3.84962e-07 3.84962e-07 7.69924e-07 3.84962e-07 7.69924e-07 7.69924e-07 7.69924e-07 3.84962e-07 0.00000e+00 1.15489e-06
1.53985e-06 1.15489e-06 2.30977e-06 0.00000e+00 0.00000e+00 3.84962e-07 3.84962e-07 3.84962e-07 7.69924e-07 7.69924e-07 3.84962e-07 3.84962e-07 3.84962e-07 3.84962e-07 7.69924e-07 3.84962e-07 0.00000e+00 7.69924e-07 1.15489e-06 1.15489e-06
3.84962e-07 7.69924e-07 1.15489e-06 0.00000e+00 7.69924e-07 0.00000e+00 0.00000e+00 0.00000e+00 0.00000e+00 3.84962e-07 0.00000e+00 3.84962e-07 0.00000e+00 0.00000e+00 0.00000e+00 0.00000e+00 0.00000e+00 0.00000e+00 3.84962e-07 7.69924e-07
3.84962e-07 7.69924e-07 0.00000e+00 1.53985e-06 3.84962e-07 0.00000e+00 3.84962e-07 3.84962e-07 0.00000e+00 0.00000e+00 0.00000e+00 0.00000e+00 0.00000e+00 7.69924e-07 1.15489e-06 3.84962e-07 7.69924e-07 1.15489e-06 7.69924e-07 3.84962e-07
7.69924e-07 7.69924e-07 3.84962e-07 3.84962e-07 7.69924e-07 0.00000e+00 3.84962e-07 7.69924e-07 3.84962e-07 3.84962e-07 1.15489e-06 3.84962e-07 1.15489e-06 3.84962e-07 7.69924e-07 0.00000e+00 3.84962e-07 3.84962e-07 3.84962e-07 1.53985e-06
0.00000e+00 3.84962e-07 0.00000e+00 0.00000e+00 7.69924e-07 0.00000e+00 3.84962e-07 0.00000e+00 1.15489e-06 7.69924e-07 0.00000e+00 7.69924e-07 7.69924e-07 7.69924e-07 3.84962e-07 0.00000e+00 3.84962e-07 0.00000e+00 7.69924e-07 1.53985e-06
7.69924e-07 1.15489e-06 0.00000e+00 1.15489e-06 1.92481e-06 7.69924e-07 0.00000e+00 3.84962e-07 7.69924e-07 1.15489e-06 7.69924e-07 1.53985e-06 3.84962e-07 7.69924e-07 1.15489e-06 3.84962e-07 7.69924e-07 0.00000e+00 1.15489e-06 1.15489e-06
1.15489e-06 1.92481e-06 7.69924e-07 1.15489e-06 7.69924e-07 1.53985e-06 1.15489e-06 1.15489e-06 1.15489e-06 1.92481e-06 1.53985e-06 1.53985e-06 3.84962e-07 7.69924e-07 3.84962e-07 3.84962e-07 7.69924e-07 1.15489e-06 1.15489e-06 1.15489e-06
7.69924e-07 3.84962e-07 3.84962e-07 7.69924e-07 7.69924e-07 7.69924e-07 0.00000e+00 0.00000e+00 0.00000e+00 7.69924e-07 7.69924e-07 3.84962e-07 3.84962e-07 7.69924e-07 0.00000e+00 3.84962e-07 0.00000e+00 0.00000e+00 0.00000e+00 3.84962e-07
1.15489e-06 7.69924e-07 1.15489e-06 1.53985e-06 3.84962e-07 3.84962e-07 3.84962e-07 3.84962e-07 7.69924e-07 7.69924e-07 7.69924e-07 0.00000e+00 3.84962e-07 0.00000e+00 0.00000e+00 0.00000e+00 0.00000e+00 0.00000e+00 7.69924e-07 1.92481e-06
1.92481e-06 7.69924e-07 7.69924e-07 0.00000e+00 3.84962e-07 3.84962e-07 3.84962e-07 0.00000e+00 3.84962e-07 3.84962e-07 0.00000e+00 7.69924e-07 3.84962e-07 0.00000e+00 3.84962e-07 0.00000e+00 7.69924e-07 0.00000e+00 0.00000e+00 1.53985e-06
1.53985e-06 0.00000e+00 0.00000e+00 3.84962e-07 7.69924e-07 3.84962e-07 1.15489e-06 7.69924e-07 1.15489e-06 7.69924e-07 3.84962e-07 3.84962e-07 7.69924e-07 3.84962e-07 3.84962e-07 0.00000e+00 3.84962e-07 7.69924e-07 3.84962e-07 7.69924e-07
7.69924e-07 0.00000e+00 0.00000e+00 3.84962e-07 3.84962e-07 0.00000e+00 7.69924e-07 1.92481e-06 0.00000e+00 7.69924e-07 1.53985e-06 3.84962e-07 1.53985e-06 1.15489e-06 0.00000e+00 0.00000e+00 3.84962e-07 0.00000e+00 3.84962e-07 3.84962e-07
3.84962e-07 0.00000e+00 3.84962e-07 3.84962e-07 7.69924e-07 3.84962e-07 3.84962e-07 3.84962e-07 7.69924e-07 1.15489e-06 3.84962e-07 3.84962e-07 7.69924e-07 1.15489e-06 3.84962e-07 7.69924e-07 3.84962e-07 7.69924e-07 3.84962e-07 3.84962e-07
1.15489e-06 3.84962e-07 1.15489e-06 3.84962e-07 1.15489e-06 3.84962e-07 0.00000e+00 7.69924e-07 3.84962e-07 7.69924e-07 3.84962e-07 0.00000e+00 0.00000e+00 0.00000e+00 3.84962e-07 3.84962e-07 1.15489e-06 3.84962e-07 3.84962e-07 7.69924e-07
1.92481e-06 1.15489e-06 7.69924e-07 1.53985e-06 1.53985e-06 3.84962e-07 0.00000e+00 1.15489e-06 7.69924e-07 1.15489e-06 7.69924e-07 1.15489e-06 1.15489e-06 3.84962e-07 7.69924e-07 7.69924e-07 3.84962e-07 0.00000e+00 1.15489e-06 1.15489e-06
2.30977e-06 1.53985e-06 1.92481e-06 7.69924e-07 7.69924e-07 7.69924e-07 7.69924e-07 1.15489e-06 1.15489e-06 3.84962e-07 3.84962e-07 7.69924e-07 7.69924e-07 1.53985e-06 3.84962e-07 7.69924e-07 7.69924e-07 3.84962e-07 7.69924e-07 7.69924e-07
1.15489e-06 3.84962e-07 3.84962e-07 0.00000e+00 7.69924e-07 7.69924e-07 3.84962e-07 0.00000e+00 7.69924e-07 0.00000e+00 0.00000e+00 7.69924e-07 3.84962e-07 3.84962e-07 7.69924e-07 1.15489e-06 1.53985e-06 0.00000e+00 1.53985e-06 3.84962e-07
7.69924e-07 7.69924e-07 3.84962e-07 1.15489e-06 3.84962e-07 0.00000e+00 3.84962e-07 0.00000e+00 0.00000e+00 3.84962e-07 3.84962e-07 7.69924e-07 3.84962e-07 3.84962e-07 3.84962e-07 7.69924e-07 3.84962e-07 3.84962e-07 7.69924e-07 1.53985e-06
7.69924e-07 0.00000e+00 3.84962e-07 3.84962e-07 3.84962e-07 7.69924e-07 0.00000e+00 1.15489e-06 3.84962e-07 3.84962e-07 3.84962e-07 7.69924e-07 1.15489e-06 1.53985e-06 3.84962e-07 3.84962e-07 1.15489e-06 1.15489e-06 7.69924e-07 1.53985e-06
3.84962e-07 7.69924e-07 1.53985e-06 3.84962e-07 3.84962e-07 7.69924e-07 0.00000e+00 1.15489e-06 7.69924e-07 3.84962e-07 7.69924e-07 3.84962e-07 7.69924e-07 3.84962e-07 3.84962e-07 3.84962e-07 0.00000e+00 7.69924e-07 7.69924e-07 2.30977e-06
7.69924e-07 1.15489e-06 3.84962e-07 1.15489e-06 0.00000e+00 3.84962e-07 0.00000e+00 0.00000e+00 0.00000e+00 0.00000e+00 7.69924e-07 3.84962e-07 7.69924e-07 7.69924e-07 0.00000e+00 0.00000e+00 0.00000e+00 3.84962e-07 7.69924e-07 2.69473e-06
1.15489e-06 3.84962e-07 1.15489e-06 3.84962e-07 3.84962e-07 7.69924e-07 1.15489e-06 0.00000e+00 7.69924e-07 3.84962e-07 0.00000e+00 0.00000e+00 3.84962e-07 3.84962e-07 0.00000e+00 7.69924e-07 7.69924e-07 7.69924e-07 1.15489e-06 3.84962e-07
7.69924e-07 7.69924e-07 3.84962e-07 7.69924e-07 3.84962e-07 3.84962e-07 3.84962e-07 7.69924e-07 1.15489e-06 0.00000e+00 7.69924e-07 0.00000e+00 3.84962e-07 0.00000e+00 3.84962e-07 1.53985e-06 1.15489e-06 1.15489e-06 0.00000e+00 3.84962e-07
1.15489e-06 0.00000e+00 3.84962e-07 0.00000e+00 7.69924e-07 1.15489e-06 1.15489e-06 7.69924e-07 7.69924e-07 1.15489e-06 1.53985e-06 1.15489e-06 7.69924e-07 0.00000e+00 7.69924e-07 1.15489e-06 1.15489e-06 1.15489e-06 7.69924e-07 2.69473e-06
1.92481e-06 3.84962e-07 3.84962e-07 7.69924e-07 3.84962e-07 1.15489e-06 3.84962e-07 7.69924e-07 0.00000e+00 1.15489e-06 7.69924e-07 7.69924e-07 7.69924e-07 3.84962e-07 0.00000e+00 0.00000e+00 0.00000e+00 1.15489e-06 3.84962e-07 7.69924e-07
7.69924e-07 7.69924e-07 0.00000e+00 0.00000e+00 7.69924e-07 0.00000e+00 3.84962e-07 7.69924e-07 3.84962e-07 7.69924e-07 3.84962e-07 1.15489e-06 7.69924e-07 7.69924e-07 3.84962e-07 0.00000e+00 0.00000e+00 3.84962e-07 7.69924e-07 7.69924e-07
1.15489e-06 3.84962e-07 0.00000e+00 0.00000e+00 3.84962e-07 0.00000e+00 0.00000e+00 0.00000e+00 1.15489e-06 3.84962e-07 0.00000e+00 3.84962e-07 0.00000e+00 3.84962e-07 3.84962e-07 0.00000e+00 0.00000e+00 3.84962e-07 1.15489e-06 7.69924e-07
1.53985e-06 3.84962e-07 0.00000e+00 3.84962e-07 3.84962e-07 0.00000e+00 3.84962e-07 1.15489e-06 7.69924e-07 1.15489e-06 3.84962e-07 3.84962e-07 0.00000e+00 3.84962e-07 0.00000e+00 3.84962e-07 0.00000e+00 3.84962e-07 1.15489e-06 1.15489e-06
7.69924e-07 3.84962e-07 0.00000e+00 0.00000e+00 3.84962e-07 3.84962e-07 0.00000e+00 7.69924e-07 0.00000e+00 1.15489e-06 0.00000e+00 3.84962e-07 0.00000e+00 7.69924e-07 3.84962e-07 3.84962e-07 3.84962e-07 3.84962e-07 1.15489e-06 1.53985e-06
1.15489e-06 7.69924e-07 0.00000e+00 3.84962e-07 3.84962e-07 0.00000e+00 7.69924e-07 7.69924e-07 7.69924e-07 0.00000e+00 3.84962e-07 3.84962e-07 3.84962e-07 3.84962e-07 3.84962e-07 0.00000e+00 0.00000e+00 3.84962e-07 3.84962e-07 7.69924e-07
3.84962e-07 0.00000e+00 0.00000e+00 0.00000e+00 7.69924e-07 3.84962e-07 7.69924e-07 0.00000e+00 3.84962e-07 3.84962e-07 3.84962e-07 7.69924e-07 7.69924e-07 0.00000e+00 7.69924e-07 7.69924e-07 0.00000e+00 3.84962e-07 0.00000e+00 1.15489e-06
0.00000e+00 0.00000e+00 1.15489e-06 3.84962e-07 0.00000e+00 3.84962e-07 0.00000e+00 3.84962e-07 7.69924e-07 7.69924e-07 0.00000e+00 7.69924e-07 3.84962e-07 0.00000e+00 0.00000e+00 7.69924e-07 3.84962e-07 3.84962e-07 3.84962e-07 1.53985e-06
1.15489e-06 1.15489e-06 1.53985e-06 3.84962e-07 7.69924e-07 3.84962e-07 7.69924e-07 3.84962e-07 1.15489e-06 7.69924e-07 0.00000e+00 7.69924e-07 7.69924e-07 7.69924e-07 3.84962e-07 7.69924e-07 7.69924e-07 1.92481e-06 3.84962e-07 2.30977e-06
7.69924e-07 1.92481e-06 7.69924e-07 7.69924e-07 7.69924e-07 1.53985e-06 3.84962e-07 3.84962e-07 0.00000e+00 0.00000e+00 7.69924e-07 3.84962e-07 3.84962e-07 1.15489e-06 1.15489e-06 3.84962e-07 1.15489e-06 3.84962e-07 3.84962e-07 3.84962e-07
3.84962e-07 7.69924e-07 3.84962e-07 3.84962e-07 7.69924e-07 1.15489e-06 1.15489e-06 0.00000e+00 0.00000e+00 7.69924e-07 3.84962e-07 0.00000e+00 0.00000e+00 7.69924e-07 3.84962e-07 1.15489e-06 1.53985e-06 1.15489e-06 3.84962e-07 7.69924e-07
0.00000e+00 7.69924e-07 3.84962e-07 3.84962e-07 0.00000e+00 7.69924e-07 2.30977e-06 7.69924e-07 0.00000e+00 1.15489e-06 7.69924e-07 1.15489e-06 0.00000e+00 0.00000e+00 3.84962e-07 3.84962e-07 7.69924e-07 1.53985e-06 3.84962e-07 1.15489e-06
7.69924e-07 2.30977e-06 1.15489e-06 1.15489e-06 3.84962e-07 3.84962e-07 3.84962e-07 3.84962e-07 1.53985e-06 7.69924e-07 7.69924e-07 1.53985e-06 0.00000e+00 3.84962e-07 3.84962e-07 1.15489e-06 1.15489e-06 7.69924e-07 3.84962e-07 7.69924e-07
7.69924e-07 3.84962e-07 0.00000e+00 7.69924e-07 3.84962e-07 0.00000e+00 0.00000e+00 3.84962e-07 7.69924e-07 1.53985e-06 3.84962e-07 3.84962e-07 3.84962e-07 1.15489e-06 3.84962e-07 7.69924e-07 1.53985e-06 1.15489e-06 3.84962e-07 7.69924e-07
1.53985e-06 1.92481e-06 3.84962e-07 0.00000e+00 0.00000e+00 3.84962e-07 3.84962e-07 3.84962e-07 0.00000e+00 3.84962e-07 7.69924e-07 3.84962e-07 7.69924e-07 0.00000e+00 3.84962e-07 3.84962e-07 7.69924e-07 3.84962e-07 0.00000e+00 7.69924e-07
1.15489e-06 1.15489e-06 7.69924e-07 0.00000e+00 3.84962e-07 3.84962e-07 1.53985e-06 1.53985e-06 0.00000e+00 3.84962e-07 3.84962e-07 1.92481e-06 3.84962e-07 7.69924e-07 3.84962e-07 0.00000e+00 3.84962e-07 3.84962e-07 7.69924e-07 3.84962e-07
3.84962e-07 7.69924e-07 0.00000e+00 0.00000e+00 0.00000e+00 0.00000e+00 7.69924e-07 7.69924e-07 7.69924e-07 3.84962e-07 0.00000e+00 3.84962e-07 0.00000e+00 0.00000e+00 3.84962e-07 3.84962e-07 7.69924e-07 1.15489e-06 3.84962e-07 1.15489e-06
7.69924e-07 1.15489e-06 2.30977e-06 3.84962e-07 7.69924e-07 0.00000e+00 7.69924e-07 1.53985e-06 1.15489e-06 0.00000e+00 0.00000e+00 3.84962e-07 3.84962e-07 0.00000e+00 7.69924e-07 3.84962e-07 1.53985e-06 7.69924e-07 3.84962e-07 1.53985e-06
1.15489e-06 3.84962e-07 1.15489e-06 7.69924e-07 1.15489e-06 7.69924e-07 0.00000e+00 7.69924e-07 2.30977e-06 1.15489e-06 3.84962e-07 3.84962e-07 7.69924e-07 0.00000e+00 0.00000e+00 1.15489e-06 7.69924e-07 1.53985e-06 1.53985e-06 3.84962e-07
1.53985e-06 7.69924e-07 1.15489e-06 3.84962e-07 3.84962e-07 3.84962e-07 0.00000e+00 7.69924e-07 3.84962e-07 3.84962e-07 0.00000e+00 3.84962e-07 7.69924e-07 0.00000e+00 7.69924e-07 0.00000e+00 7.69924e-07 7.69924e-07 3.84962e-07 3.84962e-07
1.92481e-06 3.84962e-07 7.69924e-07 3.84962e-07 7.69924e-07 3.84962e-07 1.15489e-06 7.69924e-07 3.84962e-07 3.84962e-07 7.69924e-07 1.15489e-06 0.00000e+00 3.84962e-07 7.69924e-07 3.84962e-07 7.69924e-07 3.84962e-07 1.15489e-06 7.69924e-07
7.69924e-07 0.00000e+00 7.69924e-07 1.92481e-06 3.84962e-07 0.00000e+00 0.00000e+00 0.00000e+00 0.00000e+00 3.84962e-07 7.69924e-07 0.00000e+00 0.00000e+00 3.84962e-07 1.15489e-06 1.15489e-06 3.84962e-07 0.00000e+00 3.84962e-07 7.69924e-07
0.00000e+00 0.00000e+00 0.00000e+00 3.84962e-07 3.84962e-07 0.00000e+00 3.84962e-07 0.00000e+00 1.15489e-06 3.84962e-07 3.84962e-07 0.00000e+00 0.00000e+00 0.00000e+00 3.84962e-07 3.84962e-07 0.00000e+00 7.69924e-07 1.53985e-06 3.84962e-07
3.84962e-07 7.69924e-07 3.84962e-07 3.84962e-07 3.84962e-07 0.00000e+00 3.84962e-07 0.00000e+00 7.69924e-07 3.84962e-07 7.69924e-07 3.84962e-07 3.84962e-07 3.84962e-07 0.00000e+00 0.00000e+00 0.00000e+00 0.00000e+00 7.69924e-07 2.30977e-06
2.30977e-06 3.84962e-07 3.84962e-07 1.15489e-06 1.15489e-06 1.15489e-06 1.15489e-06 0.00000e+00 0.00000e+00 3.84962e-07 3.84962e-07 0.00000e+00 7.69924e-07 0.00000e+00 3.84962e-07 3.84962e-07 0.00000e+00 7.69924e-07 1.53985e-06 1.92481e-06
3.84962e-07 7.69924e-07 0.00000e+00 0.00000e+00 3.84962e-07 3.84962e-07 3.84962e-07 7.69924e-07 3.84962e-07 3.84962e-07 0.00000e+00 0.00000e+00 3.84962e-07 3.84962e-07 1.15489e-06 7.69924e-07 3.84962e-07 0.00000e+00 1.15489e-06 7.69924e-07
1.15489e-06 1.15489e-06 3.84962e-07 3.84962e-07 7.69924e-07 7.69924e-07 1.53985e-06 1.53985e-06 3.84962e-07 3.84962e-07 3.84962e-07 1.92481e-06 1.15489e-06 3.84962e-07 3.84962e-07 1.53985e-06 7.69924e-07 3.84962e-07 3.84962e-07 1.53985e-06
1.92481e-06 0.00000e+00 0.00000e+00 1.15489e-06 3.84962e-07 1.15489e-06 1.15489e-06 1.15489e-06 3.84962e-07 3.84962e-07 7.69924e-07 3.84962e-07 1.15489e-06 0.00000e+00 0.00000e+00 3.84962e-07 3.84962e-07 7.69924e-07 1.15489e-06 1.53985e-06
1.53985e-06 7.69924e-07 3.84962e-07 1.53985e-06 3.84962e-07 1.15489e-06 0.00000e+00 3.84962e-07 0.00000e+00 7.69924e-07 0.00000e+00 3.84962e-07 0.00000e+00 0.00000e+00 3.84962e-07 7.69924e-07 3.84962e-07 3.84962e-07 7.69924e-07 1.53985e-06
0.00000e+00 1.15489e-06 7.69924e-07 3.84962e-07 7.69924e-07 1.53985e-06 3.84962e-07 1.15489e-06 7.69924e-07 7.69924e-07 3.84962e-07 7.69924e-07 3.84962e-07 0.00000e+00 0.00000e+00 1.15489e-06 3.84962e-07 3.84962e-07 3.84962e-07 1.15489e-06
7.69924e-07 0.00000e+00 1.15489e-06 1.15489e-06 3.84962e-07 3.84962e-07 7.69924e-07 3.84962e-07 3.84962e-07 3.84962e-07 3.84962e-07 3.84962e-07 3.84962e-07 3.84962e-07 3.84962e-07 3.84962e-07 3.84962e-07 1.15489e-06 7.69924e-07 7.69924e-07
1.92481e-06 7.69924e-07 0.00000e+00 0.00000e+00 7.69924e-07 0.00000e+00 0.00000e+00 0.00000e+00 3.84962e-07 7.69924e-07 3.84962e-07 1.53985e-06 1.15489e-06 0.00000e+00 0.00000e+00 0.00000e+00 3.84962e-07 3.84962e-07 3.84962e-07 1.15489e-06
1.15489e-06 3.84962e-07 0.00000e+00 3.84962e-07 3.84962e-07 3.84962e-07 0.00000e+00 3.84962e-07 7.69924e-07 0.00000e+00 3.84962e-07 1.92481e-06 7.69924e-07 3.84962e-07 0.00000e+00 0.00000e+00 0.00000e+00 0.00000e+00 1.15489e-06 1.15489e-06
7.69924e-07 3.84962e-07 0.00000e+00 0.00000e+00 0.00000e+00 3.84962e-07 0.00000e+00 0.00000e+00 3.84962e-07 0.00000e+00 0.00000e+00 1.15489e-06 3.84962e-07 3.84962e-07 3.84962e-07 3.84962e-07 0.00000e+00 3.84962e-07 7.69924e-07 3.84962e-07
1.53985e-06 3.84962e-07 0.00000e+00 0.00000e+00 0.00000e+00 3.84962e-07 0.00000e+00 3.84962e-07 0.00000e+00 7.69924e-07 7.69924e-07 3.84962e-07 3.84962e-07 0.00000e+00 7.69924e-07 3.84962e-07 7.69924e-07 7.69924e-07 0.00000e+00 1.15489e-06
1.92481e-06 3.84962e-07 3.84962e-07 3.84962e-07 0.00000e+00 3.84962e-07 0.00000e+00 3.84962e-07 7.69924e-07 3.84962e-07 7.69924e-07 0.00000e+00 7.69924e-07 7.69924e-07 1.15489e-06 7.69924e-07 3.84962e-07 3.84962e-07 0.00000e+00 3.07969e-06
7.69924e-07 7.69924e-07 7.69924e-07 1.15489e-06 0.00000e+00 3.84962e-07 0.00000e+00 7.69924e-07 0.00000e+00 0.00000e+00 0.00000e+00 0.00000e+00 7.69924e-07 1.92481e-06 1.15489e-06 3.84962e-07 3.84962e-07 3.84962e-07 7.69924e-07 3.84962e-07
0.00000e+00 7.69924e-07 0.00000e+00 3.84962e-07 3.84962e-07 7.69924e-07 7.69924e-07 1.15489e-06 0.00000e+00 0.00000e+00 0.00000e+00 0.00000e+00 3.84962e-07 3.84962e-07 7.69924e-07 0.00000e+00 0.00000e+00 0.00000e+00 3.84962e-07 1.53985e-06
1.15489e-06 3.84962e-07 7.69924e-07 0.00000e+00 0.00000e+00 3.84962e-07 7.69924e-07 3.84962e-07 0.00000e+00 3.84962e-07 3.84962e-07 0.00000e+00 0.00000e+00 7.69924e-07 1.53985e-06 0.00000e+00 0.00000e+00 3.84962e-07 7.69924e-07 1.15489e-06
7.69924e-07 3.84962e-07 0.00000e+00 0.00000e+00 3.84962e-07 0.00000e+00 3.84962e-07 7.69924e-07 7.69924e-07 7.69924e-07 0.00000e+00 0.00000e+00 0.00000e+00 3.84962e-07 1.53985e-06 7.69924e-07 0.00000e+00 0.00000e+00 3.84962e-07 1.92481e-06
1.92481e-06 1.53985e-06 3.84962e-07 7.69924e-07 7.69924e-07 0.00000e+00 3.84962e-07 3.84962e-07 3.84962e-07 0.00000e+00 3.84962e-07 0.00000e+00 0.00000e+00 7.69924e-07 1.92481e-06 1.15489e-06 3.84962e-07 3.84962e-07 1.53985e-06 7.69924e-07
1.15489e-06 3.84962e-07 7.69924e-07 1.15489e-06 7.69924e-07 0.00000e+00 1.15489e-06 7.69924e-07 0.00000e+00 0.00000e+00 3.84962e-07 1.15489e-06 0.00000e+00 1.53985e-06 1.15489e-06 1.15489e-06 0.00000e+00 0.00000e+00 1.53985e-06 1.15489e-06
1.15489e-06 1.15489e-06 7.69924e-07 3.84962e-07 3.84962e-07 0.00000e+00 3.84962e-07 0.00000e+00 7.69924e-07 3.84962e-07 3.84962e-07 3.84962e-07 3.84962e-07 1.15489e-06 0.00000e+00 0.00000e+00 3.84962e-07 0.00000e+00 3.84962e-07 1.15489e-06
7.69924e-07 7.69924e-07 3.84962e-07 0.00000e+00 0.00000e+00 0.00000e+00 7.69924e-07 0.00000e+00 0.00000e+00 3.84962e-07 3.84962e-07 1.15489e-06 1.15489e-06 0.00000e+00 0.00000e+00 0.00000e+00 3.84962e-07 0.00000e+00 3.84962e-07 1.53985e-06
1.53985e-06 2.30977e-06 2.30977e-06 1.15489e-06 3.84962e-07 1.15489e-06 1.15489e-06 3.84962e-07 1.15489e-06 7.69924e-07 3.84962e-07 0.00000e+00 1.15489e-06 3.84962e-07 1.53985e-06 1.15489e-06 7.69924e-07 0.00000e+00 3.84962e-07 2.30977e-06
2.30977e-06 1.15489e-06 7.69924e-07 1.53985e-06 0.00000e+00 0.00000e+00 1.15489e-06 1.53985e-06 1.15489e-06 1.15489e-06 0.00000e+00 0.00000e+00 1.15489e-06 3.84962e-07 7.69924e-07 3.84962e-07 1.15489e-06 3.84962e-07 7.69924e-07 2.30977e-06
3.84962e-07 3.84962e-07 3.84962e-07 0.00000e+00 0.00000e+00 0.00000e+00 3.84962e-07 3.84962e-07 3.84962e-07 3.84962e-07 3.84962e-07 3.84962e-07 3.84962e-07 3.84962e-07 3.84962e-07 1.15489e-06 7.69924e-07 3.84962e-07 7.69924e-07 3.84962e-07
7.69924e-07 7.69924e-07 3.84962e-07 3.84962e-07 3.84962e-07 0.00000e+00 3.84962e-07 0.00000e+00 7.69924e-07 3.84962e-07 1.15489e-06 3.84962e-07 0.00000e+00 0.00000e+00 3.84962e-07 3.84962e-07 1.53985e-06 0.00000e+00 7.69924e-07 1.15489e-06
3.84962e-07 7.69924e-07 1.15489e-06 0.00000e+00 3.84962e-07 7.69924e-07 1.15489e-06 0.00000e+00 7.69924e-07 7.69924e-07 7.69924e-07 0.00000e+00 0.00000e+00 3.84962e-07 0.00000e+00 0.00000e+00 7.69924e-07 7.69924e-07 7.69924e-07 1.15489e-06
1.92481e-06 1.15489e-06 3.84962e-07 3.84962e-07 7.69924e-07 1.15489e-06 3.84962e-07 0.00000e+00 3.84962e-07 3.84962e-07 0.00000e+00 3.84962e-07 0.00000e+00 0.00000e+00 0.00000e+00 1.53985e-06 1.15489e-06 1.15489e-06 7.69924e-07 3.84962e-07
7.69924e-07 7.69924e-07 1.15489e-06 1.15489e-06 3.84962e-07 3.84962e-07 0.00000e+00 0.00000e+00 0.00000e+00 0.00000e+00 0.00000e+00 0.00000e+00 3.84962e-07 3.84962e-07 3.84962e-07 3.84962e-07 3.84962e-07 0.00000e+00 1.53985e-06 7.69924e-07
1.92481e-06 1.15489e-06 7.69924e-07 1.92481e-06 0.00000e+00 3.84962e-07 3.84962e-07 0.00000e+00 0.00000e+00 1.15489e-06 1.15489e-06 1.15489e-06 7.69924e-07 0.00000e+00 1.15489e-06 7.69924e-07 7.69924e-07 3.84962e-07 1.92481e-06 1.53985e-06
1.53985e-06 7.69924e-07 7.69924e-07 1.15489e-06 7.69924e-07 0.00000e+00 7.69924e-07 3.84962e-07 0.00000e+00 7.69924e-07 7.69924e-07 1.15489e-06 1.15489e-06 3.84962e-07 0.00000e+00 7.69924e-07 3.84962e-07 0.00000e+00 7.69924e-07 1.15489e-06
3.46466e-06 1.92481e-06 3.84962e-07 7.69924e-07 1.53985e-06 3.84962e-07 1.53985e-06 7.69924e-07 7.69924e-07 7.69924e-07 7.69924e-07 3.84962e-07 1.15489e-06 7.69924e-07 1.15489e-06 1.15489e-06 7.69924e-07 0.00000e+00 1.53985e-06 3.84962e-07
1.92481e-06 7.69924e-07 3.84962e-07 0.00000e+00 1.15489e-06 1.53985e-06 3.84962e-07 1.53985e-06 3.84962e-07 1.15489e-06 7.69924e-07 7.69924e-07 7.69924e-07 1.15489e-06 3.84962e-07 7.69924e-07 1.15489e-06 1.53985e-06 1.15489e-06 1.53985e-06
1.92481e-06 0.00000e+00 3.84962e-07 0.00000e+00 1.15489e-06 7.69924e-07 3.84962e-07 7.69924e-07 1.15489e-06 3.84962e-07 3.84962e-07 3.84962e-07 7.69924e-07 7.69924e-07 3.84962e-07 3.84962e-07 1.15489e-06 3.84962e-07 7.69924e-07 3.84962e-07
2.69473e-06 7.69924e-07 3.84962e-07 1.53985e-06 1.15489e-06 0.00000e+00 3.84962e-07 7.69924e-07 0.00000e+00 0.00000e+00 0.00000e+00 0.00000e+00 1.15489e-06 3.84962e-07 3.84962e-07 0.00000e+00 7.69924e-07 7.69924e-07 1.53985e-06 1.92481e-06
1.53985e-06 1.53985e-06 3.84962e-07 7.69924e-07 3.84962e-07 3.84962e-07 7.69924e-07 7.69924e-07 3.84962e-07 0.00000e+00 3.84962e-07 0.00000e+00 0.00000e+00 0.00000e+00 3.84962e-07 0.00000e+00 3.84962e-07 3.84962e-07 7.69924e-07 1.53985e-06
1.92481e-06 1.92481e-06 7.69924e-07 3.84962e-07 0.00000e+00 0.00000e+00 0.00000e+00 3.84962e-07 0.00000e+00 0.00000e+00 3.84962e-07 0.00000e+00 0.00000e+00 0.00000e+00 3.84962e-07 0.00000e+00 3.84962e-07 3.84962e-07 3.84962e-07 3.84962e-07
2.30977e-06 0.00000e+00 7.69924e-07 0.00000e+00 0.00000e+00 0.00000e+00 1.15489e-06 3.84962e-07 3.84962e-07 0.00000e+00 7.69924e-07 0.00000e+00 0.00000e+00 3.84962e-07 0.00000e+00 3.84962e-07 7.69924e-07 3.84962e-07 7.69924e-07 1.15489e-06
1.53985e-06 3.84962e-07 7.69924e-07 0.00000e+00 0.00000e+00 7.69924e-07 3.84962e-07 3.84962e-07 3.84962e-07 0.00000e+00 7.69924e-07 0.00000e+00 3.84962e-07 1.15489e-06 7.69924e-07 0.00000e+00 2.30977e-06 3.84962e-07 1.92481e-06 1.92481e-06
1.53985e-06 7.69924e-07 1.15489e-06 0.00000e+00 0.00000e+00 3.84962e-07 3.84962e-07 3.84962e-07 7.69924e-07 1.92481e-06 7.69924e-07 3.84962e-07 3.84962e-07 3.84962e-07 3.84962e-07 3.84962e-07 1.92481e-06 3.84962e-07 7.69924e-07 1.15489e-06
2.30977e-06 3.84962e-07 1.92481e-06 1.15489e-06 1.15489e-06 1.15489e-06 3.84962e-07 1.53985e-06 7.69924e-07 1.53985e-06 7.69924e-07 7.69924e-07 7.69924e-07 7.69924e-07 1.53985e-06 7.69924e-07 1.53985e-06 3.84962e-07 1.53985e-06 1.15489e-06
1.53985e-06 1.92481e-06 2.30977e-06 7.69924e-07 1.15489e-06 1.15489e-06 7.69924e-07 0.00000e+00 1.15489e-06 7.69924e-07 7.69924e-07 7.69924e-07 7.69924e-07 1.92481e-06 2.30977e-06 7.69924e-07 7.69924e-07 1.92481e-06 2.69473e-06 1.53985e-06
1.15489e-06 7.69924e-07 1.15489e-06 0.00000e+00 3.84962e-07 0.00000e+00 0.00000e+00 3.84962e-07 1.15489e-06 7.69924e-07 7.69924e-07 7.69924e-07 7.69924e-07 3.84962e-07 7.69924e-07 3.84962e-07 1.15489e-06 7.69924e-07 3.84962e-07 7.69924e-07
7.69924e-07 7.69924e-07 0.00000e+00 0.00000e+00 3.84962e-07 0.00000e+00 0.00000e+00 0.00000e+00 1.53985e-06 3.84962e-07 7.69924e-07 3.84962e-07 3.84962e-07 7.69924e-07 0.00000e+00 3.84962e-07 1.15489e-06 1.15489e-06 3.84962e-07 7.69924e-07
1.15489e-06 7.69924e-07 1.92481e-06 3.84962e-07 3.84962e-07 0.00000e+00 1.15489e-06 2.30977e-06 7.69924e-07 3.84962e-07 1.53985e-06 1.15489e-06 1.15489e-06 7.69924e-07 3.84962e-07 0.00000e+00 0.00000e+00 7.69924e-07 0.00000e+00 1.53985e-06
1.92481e-06 1.53985e-06 7.69924e-07 7.69924e-07 0.00000e+00 1.92481e-06 1.53985e-06 1.53985e-06 7.69924e-07 3.84962e-07 3.84962e-07 1.15489e-06 7.69924e-07 1.53985e-06 1.92481e-06 1.92481e-06 1.53985e-06 1.92481e-06 1.53985e-06 2.30977e-06
