5.63642e-06 3.87504e-06 4.57959e-06 4.57959e-06 3.52276e-06 2.46593e-06 3.52276e-06 3.17049e-06 4.57959e-06 2.46593e-06 2.46593e-06 2.46593e-06 3.87504e-06 4.57959e-06 3.17049e-06 4.93187e-06 2.11366e-06 4.22732e-06 2.46593e-06 2.81821e-06
4.22732e-06 4.57959e-06 5.28415e-06 2.81821e-06 1.40911e-06 2.46593e-06 3.52276e-06 2.81821e-06 1.05683e-06 2.46593e-06 1.76138e-06 1.40911e-06 7.04553e-07 2.81821e-06 2.46593e-06 3.52276e-06 4.57959e-06 2.81821e-06 1.76138e-06 3.17049e-06
1.05683e-06 1.76138e-06 7.04553e-07 7.04553e-07 3.52276e-07 3.52276e-07 1.40911e-06 2.11366e-06 1.05683e-06 7.04553e-07 1.40911e-06 1.05683e-06 3.52276e-07 1.76138e-06 1.40911e-06 4.22732e-06 1.40911e-06 1.05683e-06 1.76138e-06 1.40911e-06
1.05683e-06 1.05683e-06 1.05683e-06 3.52276e-07 1.05683e-06 0.00000e+00 2.46593e-06 2.81821e-06 0.00000e+00 1.05683e-06 3.52276e-07 1.05683e-06 7.04553e-07 2.11366e-06 2.81821e-06 1.40911e-06 7.04553e-07 1.76138e-06 2.11366e-06 2.81821e-06
7.04553e-07 1.05683e-06 7.04553e-07 3.52276e-07 3.52276e-07 1.05683e-06 2.11366e-06 1.40911e-06 1.76138e-06 7.04553e-07 7.04553e-07 3.52276e-07 7.04553e-07 1.05683e-06 2.81821e-06 1.05683e-06 2.11366e-06 2.46593e-06 3.52276e-06 2.11366e-06
3.17049e-06 1.76138e-06 3.52276e-07 7.04553e-07 1.40911e-06 1.05683e-06 3.52276e-07 3.52276e-07 7.04553e-07 1.40911e-06 1.76138e-06 1.05683e-06 1.40911e-06 7.04553e-07 1.05683e-06 1.05683e-06 1.76138e-06 1.40911e-06 3.17049e-06 3.87504e-06
3.17049e-06 1.76138e-06 3.52276e-07 1.05683e-06 1.40911e-06 1.05683e-06 2.11366e-06 1.40911e-06 3.52276e-07 1.05683e-06 1.76138e-06 7.04553e-07 1.40911e-06 7.04553e-07 1.05683e-06 1.05683e-06 1.76138e-06 1.05683e-06 7.04553e-07 2.11366e-06
1.76138e-06 1.40911e-06 1.76138e-06 3.52276e-07 7.04553e-07 2.46593e-06 1.40911e-06 0.00000e+00 3.52276e-07 1.05683e-06 1.76138e-06 1.40911e-06 7.04553e-07 3.52276e-07 1.05683e-06 1.05683e-06 7.04553e-07 1.05683e-06 1.05683e-06 2.46593e-06
3.17049e-06 2.81821e-06 4.22732e-06 4.57959e-06 1.05683e-06 3.17049e-06 3.87504e-06 1.40911e-06 1.76138e-06 1.05683e-06 2.11366e-06 1.76138e-06 4.57959e-06 3.52276e-06 4.22732e-06 3.87504e-06 3.87504e-06 5.28415e-06 4.93187e-06 3.17049e-06
3.17049e-06 2.81821e-06 2.11366e-06 1.40911e-06 2.81821e-06 3.87504e-06 2.46593e-06 2.11366e-06 3.87504e-06 2.11366e-06 1.76138e-06 1.76138e-06 3.52276e-06 5.63642e-06 5.63642e-06 3.87504e-06 6.34098e-06 3.52276e-06 4.93187e-06 3.52276e-06
1.05683e-06 2.11366e-06 1.05683e-06 7.04553e-07 1.05683e-06 2.11366e-06 2.11366e-06 1.05683e-06 1.40911e-06 2.11366e-06 1.05683e-06 1.05683e-06 2.11366e-06 2.81821e-06 1.40911e-06 2.11366e-06 2.11366e-06 2.46593e-06 1.40911e-06 2.11366e-06
1.76138e-06 2.11366e-06 2.11366e-06 1.05683e-06 7.04553e-07 1.05683e-06 1.05683e-06 1.40911e-06 2.46593e-06 2.81821e-06 1.05683e-06 2.11366e-06 1.05683e-06 3.52276e-07 2.46593e-06 1.40911e-06 1.40911e-06 2.46593e-06 2.46593e-06 2.81821e-06
2.81821e-06 2.11366e-06 1.40911e-06 1.76138e-06 7.04553e-07 7.04553e-07 3.52276e-07 7.04553e-07 7.04553e-07 1.05683e-06 1.05683e-06 7.04553e-07 1.05683e-06 1.76138e-06 4.22732e-06 2.11366e-06 2.11366e-06 1.76138e-06 2.11366e-06 2.11366e-06
1.76138e-06 1.05683e-06 2.81821e-06 1.76138e-06 1.76138e-06 2.11366e-06 7.04553e-07 3.52276e-07 1.40911e-06 1.40911e-06 1.76138e-06 7.04553e-07 1.40911e-06 1.76138e-06 2.81821e-06 2.11366e-06 1.40911e-06 1.76138e-06 1.05683e-06 1.76138e-06
1.40911e-06 2.46593e-06 1.40911e-06 7.04553e-07 1.05683e-06 2.81821e-06 1.05683e-06 1.05683e-06 1.76138e-06 7.04553e-07 1.76138e-06 7.04553e-07 3.52276e-07 1.76138e-06 1.40911e-06 1.76138e-06 1.05683e-06 1.76138e-06 7.04553e-07 2.11366e-06
2.81821e-06 2.11366e-06 2.11366e-06 1.05683e-06 1.05683e-06 2.46593e-06 2.46593e-06 2.11366e-06 1.05683e-06 1.05683e-06 7.04553e-07 7.04553e-07 1.76138e-06 1.76138e-06 2.11366e-06 1.05683e-06 0.00000e+00 1.76138e-06 7.04553e-07 2.46593e-06
2.81821e-06 1.40911e-06 3.52276e-06 2.11366e-06 2.81821e-06 2.11366e-06 2.11366e-06 2.81821e-06 1.76138e-06 1.76138e-06 2.81821e-06 2.11366e-06 2.81821e-06 3.52276e-06 4.22732e-06 3.17049e-06 3.52276e-06 4.22732e-06 2.81821e-06 4.93187e-06
2.11366e-06 1.76138e-06 2.81821e-06 1.05683e-06 1.40911e-06 3.17049e-06 3.17049e-06 2.11366e-06 2.11366e-06 2.46593e-06 3.17049e-06 2.46593e-06 1.76138e-06 2.46593e-06 2.46593e-06 3.87504e-06 2.46593e-06 2.81821e-06 4.57959e-06 4.22732e-06
7.04553e-07 3.52276e-07 1.05683e-06 1.40911e-06 3.52276e-07 7.04553e-07 3.52276e-07 3.52276e-07 3.52276e-07 2.46593e-06 1.76138e-06 1.40911e-06 7.04553e-07 1.05683e-06 1.40911e-06 1.40911e-06 1.76138e-06 1.05683e-06 2.11366e-06 2.11366e-06
1.40911e-06 1.05683e-06 2.81821e-06 1.76138e-06 1.76138e-06 1.40911e-06 1.05683e-06 1.76138e-06 1.40911e-06 2.11366e-06 2.11366e-06 1.40911e-06 1.40911e-06 1.40911e-06 1.05683e-06 2.81821e-06 1.05683e-06 1.40911e-06 1.40911e-06 7.04553e-07
1.05683e-06 1.05683e-06 3.52276e-07 3.52276e-07 7.04553e-07 3.52276e-07 3.52276e-07 1.76138e-06 1.40911e-06 3.52276e-07 1.05683e-06 1.76138e-06 2.46593e-06 1.40911e-06 1.05683e-06 2.11366e-06 1.40911e-06 1.40911e-06 1.05683e-06 2.46593e-06
2.46593e-06 2.81821e-06 2.11366e-06 1.05683e-06 7.04553e-07 1.05683e-06 2.11366e-06 1.05683e-06 1.05683e-06 1.05683e-06 3.52276e-07 1.76138e-06 2.46593e-06 1.76138e-06 1.05683e-06 0.00000e+00 1.05683e-06 1.05683e-06 2.46593e-06 2.46593e-06
3.52276e-06 1.40911e-06 1.40911e-06 1.40911e-06 3.52276e-07 1.76138e-06 1.76138e-06 1.05683e-06 7.04553e-07 0.00000e+00 0.00000e+00 7.04553e-07 1.05683e-06 1.05683e-06 1.40911e-06 1.40911e-06 2.11366e-06 2.11366e-06 3.17049e-06 2.11366e-06
3.52276e-06 2.11366e-06 1.40911e-06 1.40911e-06 1.40911e-06 1.05683e-06 1.05683e-06 2.81821e-06 7.04553e-07 3.52276e-07 7.04553e-07 1.05683e-06 1.40911e-06 2.46593e-06 2.81821e-06 1.76138e-06 1.40911e-06 2.11366e-06 3.17049e-06 2.46593e-06
3.52276e-06 2.11366e-06 2.46593e-06 3.87504e-06 1.76138e-06 3.17049e-06 2.46593e-06 1.76138e-06 3.17049e-06 1.76138e-06 2.46593e-06 2.81821e-06 3.17049e-06 3.52276e-06 2.81821e-06 2.81821e-06 2.81821e-06 2.81821e-06 3.17049e-06 3.52276e-06
2.11366e-06 2.46593e-06 3.87504e-06 5.28415e-06 3.87504e-06 5.28415e-06 3.87504e-06 1.76138e-06 2.81821e-06 2.11366e-06 1.05683e-06 3.17049e-06 2.11366e-06 2.81821e-06 1.76138e-06 3.17049e-06 3.52276e-06 2.46593e-06 3.17049e-06 2.81821e-06
1.76138e-06 3.17049e-06 3.17049e-06 2.81821e-06 7.04553e-07 2.81821e-06 1.05683e-06 1.05683e-06 2.11366e-06 1.40911e-06 7.04553e-07 0.00000e+00 7.04553e-07 1.40911e-06 0.00000e+00 1.05683e-06 1.40911e-06 1.76138e-06 7.04553e-07 1.40911e-06
2.81821e-06 2.46593e-06 2.46593e-06 2.46593e-06 1.40911e-06 1.76138e-06 2.81821e-06 1.76138e-06 1.76138e-06 1.40911e-06 7.04553e-07 1.76138e-06 7.04553e-07 7.04553e-07 1.40911e-06 1.05683e-06 7.04553e-07 1.05683e-06 3.52276e-07 1.05683e-06
2.46593e-06 1.05683e-06 1.40911e-06 7.04553e-07 1.40911e-06 3.52276e-07 7.04553e-07 2.11366e-06 0.00000e+00 7.04553e-07 1.05683e-06 3.52276e-07 3.52276e-07 7.04553e-07 1.40911e-06 7.04553e-07 1.05683e-06 2.46593e-06 2.81821e-06 1.40911e-06
2.11366e-06 2.81821e-06 1.76138e-06 1.40911e-06 1.05683e-06 1.05683e-06 1.76138e-06 1.40911e-06 1.40911e-06 7.04553e-07 3.52276e-07 7.04553e-07 1.40911e-06 1.05683e-06 1.05683e-06 1.40911e-06 1.76138e-06 2.11366e-06 2.46593e-06 2.46593e-06
2.46593e-06 2.11366e-06 2.81821e-06 2.11366e-06 3.52276e-06 7.04553e-07 2.11366e-06 7.04553e-07 1.76138e-06 1.05683e-06 1.40911e-06 7.04553e-07 7.04553e-07 2.11366e-06 2.11366e-06 1.05683e-06 1.40911e-06 1.40911e-06 1.40911e-06 2.11366e-06
2.11366e-06 2.11366e-06 3.52276e-06 3.17049e-06 1.76138e-06 7.04553e-07 1.40911e-06 1.05683e-06 1.40911e-06 3.52276e-07 3.52276e-07 1.40911e-06 3.52276e-07 3.17049e-06 1.40911e-06 2.11366e-06 1.40911e-06 1.40911e-06 1.05683e-06 2.46593e-06
2.46593e-06 2.11366e-06 3.87504e-06 2.81821e-06 3.87504e-06 3.17049e-06 1.40911e-06 2.46593e-06 2.46593e-06 1.40911e-06 1.76138e-06 2.46593e-06 2.46593e-06 4.57959e-06 4.22732e-06 3.87504e-06 2.81821e-06 2.46593e-06 2.46593e-06 5.63642e-06
2.46593e-06 1.40911e-06 3.52276e-06 1.76138e-06 3.52276e-06 2.11366e-06 2.46593e-06 2.46593e-06 2.81821e-06 2.11366e-06 2.11366e-06 1.05683e-06 7.04553e-07 2.46593e-06 2.46593e-06 3.17049e-06 4.22732e-06 3.87504e-06 2.81821e-06 4.22732e-06
1.05683e-06 1.05683e-06 2.11366e-06 0.00000e+00 1.40911e-06 1.40911e-06 7.04553e-07 7.04553e-07 3.52276e-07 1.05683e-06 1.05683e-06 1.40911e-06 1.05683e-06 3.52276e-07 1.05683e-06 1.05683e-06 7.04553e-07 1.40911e-06 7.04553e-07 2.81821e-06
1.40911e-06 1.76138e-06 3.52276e-07 7.04553e-07 7.04553e-07 1.05683e-06 7.04553e-07 7.04553e-07 7.04553e-07 1.40911e-06 7.04553e-07 1.40911e-06 7.04553e-07 1.05683e-06 1.40911e-06 2.11366e-06 1.76138e-06 1.40911e-06 0.00000e+00 7.04553e-07
1.05683e-06 1.40911e-06 1.40911e-06 1.05683e-06 7.04553e-07 7.04553e-07 1.05683e-06 7.04553e-07 1.40911e-06 1.05683e-06 3.52276e-07 3.52276e-07 1.05683e-06 1.05683e-06 2.11366e-06 1.05683e-06 1.40911e-06 1.76138e-06 0.00000e+00 2.11366e-06
1.76138e-06 7.04553e-07 1.05683e-06 1.05683e-06 7.04553e-07 1.05683e-06 3.52276e-07 3.52276e-07 3.52276e-07 1.40911e-06 1.40911e-06 1.40911e-06 3.52276e-07 1.76138e-06 7.04553e-07 3.52276e-07 1.76138e-06 2.81821e-06 7.04553e-07 1.40911e-06
1.76138e-06 1.05683e-06 1.05683e-06 1.76138e-06 1.40911e-06 1.40911e-06 1.40911e-06 7.04553e-07 1.76138e-06 2.11366e-06 2.46593e-06 1.76138e-06 1.05683e-06 1.40911e-06 3.52276e-07 0.00000e+00 1.05683e-06 1.05683e-06 1.05683e-06 2.81821e-06
2.11366e-06 1.05683e-06 3.17049e-06 3.17049e-06 1.05683e-06 7.04553e-07 1.05683e-06 7.04553e-07 7.04553e-07 1.40911e-06 1.05683e-06 2.11366e-06 1.05683e-06 3.52276e-07 1.05683e-06 7.04553e-07 3.52276e-07 1.40911e-06 1.76138e-06 3.17049e-06
4.93187e-06 3.17049e-06 3.87504e-06 3.17049e-06 3.52276e-06 3.87504e-06 3.17049e-06 2.81821e-06 3.52276e-06 3.17049e-06 1.05683e-06 2.81821e-06 3.52276e-06 1.40911e-06 1.76138e-06 2.11366e-06 2.46593e-06 4.22732e-06 3.17049e-06 5.98870e-06
2.46593e-06 4.22732e-06 2.81821e-06 2.46593e-06 2.81821e-06 2.46593e-06 4.22732e-06 1.76138e-06 3.17049e-06 2.81821e-06 1.76138e-06 2.81821e-06 2.81821e-06 2.81821e-06 1.40911e-06 3.52276e-06 2.11366e-06 3.17049e-06 2.46593e-06 5.28415e-06
7.04553e-07 1.76138e-06 2.11366e-06 1.76138e-06 1.40911e-06 1.40911e-06 1.40911e-06 1.40911e-06 7.04553e-07 7.04553e-07 1.05683e-06 7.04553e-07 1.40911e-06 1.05683e-06 1.05683e-06 7.04553e-07 3.52276e-07 2.11366e-06 1.76138e-06 1.40911e-06
1.40911e-06 1.05683e-06 2.46593e-06 2.11366e-06 7.04553e-07 0.00000e+00 1.05683e-06 1.76138e-06 1.40911e-06 1.76138e-06 1.05683e-06 1.05683e-06 2.81821e-06 2.11366e-06 7.04553e-07 0.00000e+00 1.76138e-06 1.40911e-06 1.05683e-06 4.22732e-06
3.17049e-06 2.46593e-06 1.05683e-06 3.52276e-07 2.46593e-06 1.76138e-06 1.40911e-06 1.76138e-06 1.05683e-06 2.11366e-06 7.04553e-07 7.04553e-07 3.17049e-06 1.40911e-06 1.05683e-06 0.00000e+00 7.04553e-07 2.11366e-06 2.81821e-06 2.11366e-06
2.11366e-06 3.52276e-07 7.04553e-07 1.40911e-06 1.76138e-06 3.52276e-07 3.52276e-07 1.05683e-06 1.05683e-06 0.00000e+00 7.04553e-07 1.05683e-06 2.46593e-06 1.05683e-06 1.05683e-06 1.05683e-06 3.52276e-07 3.87504e-06 1.40911e-06 1.40911e-06
1.76138e-06 1.40911e-06 1.05683e-06 1.05683e-06 1.40911e-06 7.04553e-07 1.05683e-06 1.40911e-06 1.05683e-06 7.04553e-07 1.05683e-06 1.76138e-06 2.11366e-06 2.11366e-06 2.46593e-06 7.04553e-07 2.46593e-06 1.76138e-06 1.05683e-06 3.17049e-06
2.46593e-06 1.40911e-06 1.05683e-06 3.52276e-07 7.04553e-07 0.00000e+00 3.52276e-07 1.40911e-06 7.04553e-07 0.00000e+00 7.04553e-07 1.76138e-06 2.81821e-06 1.40911e-06 7.04553e-07 7.04553e-07 1.40911e-06 1.76138e-06 1.40911e-06 2.11366e-06
4.22732e-06 3.87504e-06 2.81821e-06 7.04553e-07 1.40911e-06 1.05683e-06 2.11366e-06 4.57959e-06 2.81821e-06 3.87504e-06 2.81821e-06 1.76138e-06 2.81821e-06 3.52276e-06 2.81821e-06 2.11366e-06 2.81821e-06 4.22732e-06 4.22732e-06 4.93187e-06
4.22732e-06 2.81821e-06 3.87504e-06 3.17049e-06 2.81821e-06 3.52276e-06 2.46593e-06 3.52276e-06 2.46593e-06 2.81821e-06 1.76138e-06 1.40911e-06 2.81821e-06 2.46593e-06 3.17049e-06 4.93187e-06 3.52276e-06 3.52276e-06 2.11366e-06 4.93187e-06
2.81821e-06 7.04553e-07 1.05683e-06 7.04553e-07 7.04553e-07 0.00000e+00 3.52276e-07 1.05683e-06 1.05683e-06 1.05683e-06 1.05683e-06 1.76138e-06 1.05683e-06 7.04553e-07 3.52276e-07 2.11366e-06 1.76138e-06 1.40911e-06 1.40911e-06 1.76138e-06
2.11366e-06 2.11366e-06 1.40911e-06 3.52276e-07 1.05683e-06 7.04553e-07 2.11366e-06 1.76138e-06 1.76138e-06 7.04553e-07 1.05683e-06 1.05683e-06 1.76138e-06 7.04553e-07 7.04553e-07 1.05683e-06 1.05683e-06 7.04553e-07 1.40911e-06 1.76138e-06
2.81821e-06 1.76138e-06 7.04553e-07 3.52276e-07 1.76138e-06 7.04553e-07 7.04553e-07 3.52276e-07 7.04553e-07 7.04553e-07 1.05683e-06 3.52276e-07 0.00000e+00 7.04553e-07 3.52276e-07 1.40911e-06 1.76138e-06 1.40911e-06 1.76138e-06 2.11366e-06
2.11366e-06 1.76138e-06 1.05683e-06 1.40911e-06 1.76138e-06 1.40911e-06 3.52276e-07 1.05683e-06 2.46593e-06 1.05683e-06 1.40911e-06 3.52276e-07 3.52276e-07 1.40911e-06 2.11366e-06 1.05683e-06 1.76138e-06 1.40911e-06 2.11366e-06 7.04553e-07
4.22732e-06 2.46593e-06 1.76138e-06 2.11366e-06 1.05683e-06 2.11366e-06 1.05683e-06 1.76138e-06 2.46593e-06 1.05683e-06 1.05683e-06 1.05683e-06 1.05683e-06 1.76138e-06 1.40911e-06 1.05683e-06 1.40911e-06 2.11366e-06 2.11366e-06 1.05683e-06
2.81821e-06 2.81821e-06 1.40911e-06 1.05683e-06 7.04553e-07 1.40911e-06 1.05683e-06 1.40911e-06 1.40911e-06 1.40911e-06 7.04553e-07 1.05683e-06 1.40911e-06 1.76138e-06 7.04553e-07 7.04553e-07 3.52276e-07 1.05683e-06 1.76138e-06 4.22732e-06
2.81821e-06 3.52276e-06 3.87504e-06 1.40911e-06 3.87504e-06 2.81821e-06 1.40911e-06 2.11366e-06 1.76138e-06 3.17049e-06 3.52276e-06 1.40911e-06 1.76138e-06 3.17049e-06 3.52276e-07 1.05683e-06 2.46593e-06 2.11366e-06 3.52276e-06 6.34098e-06
2.46593e-06 3.17049e-06 3.87504e-06 2.81821e-06 2.81821e-06 3.87504e-06 3.17049e-06 4.22732e-06 1.05683e-06 2.11366e-06 2.81821e-06 3.17049e-06 2.81821e-06 2.46593e-06 3.17049e-06 3.87504e-06 3.52276e-06 1.76138e-06 2.46593e-06 4.22732e-06
1.76138e-06 1.05683e-06 2.46593e-06 1.05683e-06 3.52276e-07 2.46593e-06 2.81821e-06 1.40911e-06 2.11366e-06 7.04553e-07 7.04553e-07 7.04553e-07 7.04553e-07 1.40911e-06 2.11366e-06 1.76138e-06 1.76138e-06 2.11366e-06 2.11366e-06 3.17049e-06
1.76138e-06 1.76138e-06 1.05683e-06 7.04553e-07 1.05683e-06 1.76138e-06 3.52276e-07 1.76138e-06 2.11366e-06 1.05683e-06 7.04553e-07 0.00000e+00 1.05683e-06 1.05683e-06 1.40911e-06 1.76138e-06 7.04553e-07 1.76138e-06 1.76138e-06 4.57959e-06
1.76138e-06 3.52276e-07 1.05683e-06 1.40911e-06 1.05683e-06 2.11366e-06 1.40911e-06 2.81821e-06 0.00000e+00 1.40911e-06 2.11366e-06 1.05683e-06 1.40911e-06 1.05683e-06 3.52276e-07 7.04553e-07 1.05683e-06 1.40911e-06 3.17049e-06 3.17049e-06
2.81821e-06 1.40911e-06 1.40911e-06 1.40911e-06 0.00000e+00 1.40911e-06 3.52276e-07 1.05683e-06 7.04553e-07 7.04553e-07 1.05683e-06 3.52276e-07 1.05683e-06 3.52276e-07 7.04553e-07 1.40911e-06 3.52276e-07 7.04553e-07 2.46593e-06 2.46593e-06
1.76138e-06 1.40911e-06 1.05683e-06 2.46593e-06 2.46593e-06 7.04553e-07 1.76138e-06 2.46593e-06 1.76138e-06 3.52276e-07 1.05683e-06 1.40911e-06 1.05683e-06 2.11366e-06 1.05683e-06 1.40911e-06 1.40911e-06 3.52276e-07 3.52276e-06 3.17049e-06
1.76138e-06 1.40911e-06 3.52276e-06 2.81821e-06 7.04553e-07 2.11366e-06 1.76138e-06 7.04553e-07 1.76138e-06 0.00000e+00 1.05683e-06 7.04553e-07 7.04553e-07 1.76138e-06 1.40911e-06 3.52276e-07 7.04553e-07 7.04553e-07 1.40911e-06 1.40911e-06
7.75008e-06 3.52276e-06 4.57959e-06 2.46593e-06 3.52276e-06 2.11366e-06 1.40911e-06 1.76138e-06 2.81821e-06 2.11366e-06 1.05683e-06 1.05683e-06 3.17049e-06 2.11366e-06 1.05683e-06 2.11366e-06 2.11366e-06 2.46593e-06 2.81821e-06 2.81821e-06
6.34098e-06 3.52276e-06 2.81821e-06 5.28415e-06 2.81821e-06 2.46593e-06 2.46593e-06 2.11366e-06 3.17049e-06 3.52276e-06 2.46593e-06 1.76138e-06 4.22732e-06 2.81821e-06 3.52276e-06 1.05683e-06 2.81821e-06 2.46593e-06 1.76138e-06 2.81821e-06
2.46593e-06 2.81821e-06 1.76138e-06 1.76138e-06 1.05683e-06 1.05683e-06 1.40911e-06 1.05683e-06 7.04553e-07 1.76138e-06 1.40911e-06 7.04553e-07 2.46593e-06 1.40911e-06 3.52276e-07 1.05683e-06 2.81821e-06 7.04553e-07 7.04553e-07 2.11366e-06
2.81821e-06 1.05683e-06 1.40911e-06 7.04553e-07 3.52276e-07 1.76138e-06 1.40911e-06 3.52276e-07 7.04553e-07 1.40911e-06 1.05683e-06 7.04553e-07 1.76138e-06 1.05683e-06 3.52276e-07 3.52276e-07 2.11366e-06 1.05683e-06 1.40911e-06 4.22732e-06
4.57959e-06 2.46593e-06 1.76138e-06 0.00000e+00 3.52276e-07 2.81821e-06 1.40911e-06 1.40911e-06 1.05683e-06 7.04553e-07 1.05683e-06 7.04553e-07 2.11366e-06 1.40911e-06 3.52276e-07 1.76138e-06 2.11366e-06 1.05683e-06 2.81821e-06 2.81821e-06
3.52276e-06 2.11366e-06 1.76138e-06 1.05683e-06 3.87504e-06 1.76138e-06 7.04553e-07 0.00000e+00 3.52276e-07 7.04553e-07 7.04553e-07 2.11366e-06 1.76138e-06 1.76138e-06 7.04553e-07 3.52276e-07 1.40911e-06 7.04553e-07 1.76138e-06 2.11366e-06
1.76138e-06 1.05683e-06 2.11366e-06 7.04553e-07 1.40911e-06 1.05683e-06 1.40911e-06 7.04553e-07 1.05683e-06 1.05683e-06 1.05683e-06 1.76138e-06 1.76138e-06 2.46593e-06 1.76138e-06 1.40911e-06 1.40911e-06 7.04553e-07 7.04553e-07 2.81821e-06
2.46593e-06 7.04553e-07 1.40911e-06 1.76138e-06 1.76138e-06 1.40911e-06 7.04553e-07 3.52276e-07 1.40911e-06 7.04553e-07 1.05683e-06 1.05683e-06 2.81821e-06 2.46593e-06 1.05683e-06 2.11366e-06 1.40911e-06 1.76138e-06 1.40911e-06 2.46593e-06
2.46593e-06 1.76138e-06 1.05683e-06 2.11366e-06 3.17049e-06 2.46593e-06 2.11366e-06 3.52276e-07 2.81821e-06 3.17049e-06 3.17049e-06 2.81821e-06 2.46593e-06 3.17049e-06 2.11366e-06 4.22732e-06 3.17049e-06 4.57959e-06 5.28415e-06 5.98870e-06
4.22732e-06 2.81821e-06 2.11366e-06 1.40911e-06 2.81821e-06 2.46593e-06 3.17049e-06 3.17049e-06 1.76138e-06 2.46593e-06 7.04553e-07 1.76138e-06 1.76138e-06 2.11366e-06 2.11366e-06 2.46593e-06 2.46593e-06 3.52276e-06 3.87504e-06 2.11366e-06
1.40911e-06 1.05683e-06 1.40911e-06 1.40911e-06 1.76138e-06 1.05683e-06 0.00000e+00 1.40911e-06 7.04553e-07 0.00000e+00 3.52276e-07 7.04553e-07 1.40911e-06 7.04553e-07 0.00000e+00 1.40911e-06 2.11366e-06 2.81821e-06 2.46593e-06 1.05683e-06
1.40911e-06 1.05683e-06 3.17049e-06 2.11366e-06 1.76138e-06 7.04553e-07 1.40911e-06 7.04553e-07 1.05683e-06 0.00000e+00 3.52276e-07 1.40911e-06 1.40911e-06 1.40911e-06 1.40911e-06 1.76138e-06 1.40911e-06 1.76138e-06 2.11366e-06 2.46593e-06
2.81821e-06 1.76138e-06 2.81821e-06 1.40911e-06 1.05683e-06 1.76138e-06 2.11366e-06 1.76138e-06 3.52276e-07 3.52276e-07 1.76138e-06 2.11366e-06 1.05683e-06 1.05683e-06 7.04553e-07 3.52276e-07 3.52276e-07 1.40911e-06 2.46593e-06 1.05683e-06
3.52276e-06 1.40911e-06 2.46593e-06 1.05683e-06 1.40911e-06 7.04553e-07 1.40911e-06 2.11366e-06 1.40911e-06 3.52276e-07 1.05683e-06 1.76138e-06 1.05683e-06 1.40911e-06 7.04553e-07 0.00000e+00 3.52276e-07 7.04553e-07 1.05683e-06 1.40911e-06
3.52276e-06 7.04553e-07 2.46593e-06 1.05683e-06 1.40911e-06 7.04553e-07 1.05683e-06 7.04553e-07 1.40911e-06 7.04553e-07 2.46593e-06 1.40911e-06 7.04553e-07 7.04553e-07 1.76138e-06 1.40911e-06 1.76138e-06 1.40911e-06 1.40911e-06 7.04553e-07
2.11366e-06 1.76138e-06 1.40911e-06 2.11366e-06 1.40911e-06 3.52276e-07 1.76138e-06 0.00000e+00 3.52276e-07 1.40911e-06 1.40911e-06 1.76138e-06 1.76138e-06 3.52276e-07 7.04553e-07 1.40911e-06 1.05683e-06 1.76138e-06 1.76138e-06 1.05683e-06
3.52276e-06 2.81821e-06 2.81821e-06 1.40911e-06 2.46593e-06 2.46593e-06 3.52276e-06 2.11366e-06 2.81821e-06 2.11366e-06 1.76138e-06 1.05683e-06 2.11366e-06 7.04553e-07 2.11366e-06 2.46593e-06 1.76138e-06 3.87504e-06 4.22732e-06 4.57959e-06
4.22732e-06 3.52276e-06 3.87504e-06 2.46593e-06 2.81821e-06 2.46593e-06 3.87504e-06 4.22732e-06 3.17049e-06 3.17049e-06 3.87504e-06 4.22732e-06 1.40911e-06 1.76138e-06 7.04553e-07 1.05683e-06 2.46593e-06 3.52276e-06 1.76138e-06 4.57959e-06
2.46593e-06 1.76138e-06 2.46593e-06 2.81821e-06 1.76138e-06 1.76138e-06 7.04553e-07 2.46593e-06 1.40911e-06 7.04553e-07 7.04553e-07 1.76138e-06 1.40911e-06 1.05683e-06 1.40911e-06 7.04553e-07 7.04553e-07 1.40911e-06 3.52276e-07 1.05683e-06
2.46593e-06 1.40911e-06 3.87504e-06 2.81821e-06 7.04553e-07 1.76138e-06 1.40911e-06 1.40911e-06 0.00000e+00 0.00000e+00 1.40911e-06 7.04553e-07 1.05683e-06 7.04553e-07 7.04553e-07 1.40911e-06 1.05683e-06 2.11366e-06 1.05683e-06 1.76138e-06
2.46593e-06 1.05683e-06 1.76138e-06 1.40911e-06 1.76138e-06 2.81821e-06 2.11366e-06 3.87504e-06 0.00000e+00 3.52276e-07 1.76138e-06 1.40911e-06 7.04553e-07 3.52276e-07 1.05683e-06 1.76138e-06 2.46593e-06 1.76138e-06 7.04553e-07 1.76138e-06
2.81821e-06 3.52276e-07 1.76138e-06 1.05683e-06 1.40911e-06 3.17049e-06 2.11366e-06 3.17049e-06 7.04553e-07 2.46593e-06 1.40911e-06 3.52276e-07 1.76138e-06 1.05683e-06 3.52276e-07 1.40911e-06 1.05683e-06 1.40911e-06 1.05683e-06 2.46593e-06
3.17049e-06 1.40911e-06 1.40911e-06 1.40911e-06 1.05683e-06 1.76138e-06 3.52276e-07 2.81821e-06 1.76138e-06 1.76138e-06 2.11366e-06 1.76138e-06 1.40911e-06 1.40911e-06 1.76138e-06 1.05683e-06 3.52276e-07 1.40911e-06 1.40911e-06 4.22732e-06
1.76138e-06 2.11366e-06 3.87504e-06 1.76138e-06 2.46593e-06 2.11366e-06 2.46593e-06 2.11366e-06 1.40911e-06 1.40911e-06 1.05683e-06 1.76138e-06 3.52276e-07 1.05683e-06 1.76138e-06 0.00000e+00 1.40911e-06 2.46593e-06 3.17049e-06 3.52276e-06
3.87504e-06 4.22732e-06 4.22732e-06 4.57959e-06 2.81821e-06 3.52276e-06 3.87504e-06 2.11366e-06 1.40911e-06 2.46593e-06 2.46593e-06 2.46593e-06 2.81821e-06 2.46593e-06 2.11366e-06 1.76138e-06 2.11366e-06 4.22732e-06 1.40911e-06 2.81821e-06
3.87504e-06 2.11366e-06 3.87504e-06 2.46593e-06 2.46593e-06 2.11366e-06 2.46593e-06 1.05683e-06 1.40911e-06 2.81821e-06 2.81821e-06 2.11366e-06 3.17049e-06 3.52276e-06 3.17049e-06 1.40911e-06 2.11366e-06 2.11366e-06 2.46593e-06 3.17049e-06
2.11366e-06 1.05683e-06 2.46593e-06 2.46593e-06 1.05683e-06 1.76138e-06 2.11366e-06 1.40911e-06 1.40911e-06 1.40911e-06 1.40911e-06 1.40911e-06 1.76138e-06 1.05683e-06 1.76138e-06 7.04553e-07 1.76138e-06 1.76138e-06 1.05683e-06 2.46593e-06
1.05683e-06 7.04553e-07 1.40911e-06 1.76138e-06 1.05683e-06 1.76138e-06 3.87504e-06 3.17049e-06 2.11366e-06 1.40911e-06 1.76138e-06 2.11366e-06 7.04553e-07 1.05683e-06 1.05683e-06 1.05683e-06 1.05683e-06 3.52276e-07 1.05683e-06 3.52276e-06
1.05683e-06 1.05683e-06 1.40911e-06 2.81821e-06 1.05683e-06 3.17049e-06 2.81821e-06 1.40911e-06 3.52276e-07 1.40911e-06 1.76138e-06 1.76138e-06 1.40911e-06 1.05683e-06 2.11366e-06 1.05683e-06 1.05683e-06 2.11366e-06 7.04553e-07 2.46593e-06
1.76138e-06 1.05683e-06 7.04553e-07 1.76138e-06 1.40911e-06 7.04553e-07 1.05683e-06 1.76138e-06 2.81821e-06 2.46593e-06 1.40911e-06 2.11366e-06 2.46593e-06 1.76138e-06 2.46593e-06 1.05683e-06 3.52276e-07 1.05683e-06 1.40911e-06 2.11366e-06
1.40911e-06 1.05683e-06 2.11366e-06 7.04553e-07 7.04553e-07 1.40911e-06 1.05683e-06 1.40911e-06 7.04553e-07 1.05683e-06 3.17049e-06 1.76138e-06 2.11366e-06 2.11366e-06 1.76138e-06 3.52276e-07 2.11366e-06 7.04553e-07 1.05683e-06 2.46593e-06
2.46593e-06 1.76138e-06 2.11366e-06 7.04553e-07 1.76138e-06 3.52276e-07 7.04553e-07 1.05683e-06 1.40911e-06 7.04553e-07 1.40911e-06 1.76138e-06 1.76138e-06 2.46593e-06 1.40911e-06 7.04553e-07 1.76138e-06 1.05683e-06 1.76138e-06 2.11366e-06
5.63642e-06 4.93187e-06 3.52276e-06 1.76138e-06 3.52276e-06 1.76138e-06 2.11366e-06 2.11366e-06 3.52276e-06 2.81821e-06 3.87504e-06 3.87504e-06 3.87504e-06 4.57959e-06 1.76138e-06 2.11366e-06 2.46593e-06 4.93187e-06 3.17049e-06 4.93187e-06
6.34098e-06 3.87504e-06 3.17049e-06 2.11366e-06 3.52276e-06 2.46593e-06 3.17049e-06 4.22732e-06 4.57959e-06 1.40911e-06 3.52276e-06 2.81821e-06 4.93187e-06 1.40911e-06 2.11366e-06 2.11366e-06 2.11366e-06 3.52276e-06 2.46593e-06 3.87504e-06
4.22732e-06 1.76138e-06 1.05683e-06 7.04553e-07 2.11366e-06 1.40911e-06 1.76138e-06 1.76138e-06 1.40911e-06 1.05683e-06 3.17049e-06 1.76138e-06 7.04553e-07 1.05683e-06 3.52276e-07 0.00000e+00 1.40911e-06 2.81821e-06 2.46593e-06 4.57959e-06
3.17049e-06 1.76138e-06 1.76138e-06 2.46593e-06 2.46593e-06 2.11366e-06 2.46593e-06 1.76138e-06 1.40911e-06 7.04553e-07 2.11366e-06 1.40911e-06 2.11366e-06 1.76138e-06 1.40911e-06 1.76138e-06 1.40911e-06 1.40911e-06 2.46593e-06 2.46593e-06
2.81821e-06 2.46593e-06 1.76138e-06 2.46593e-06 2.46593e-06 2.46593e-06 3.52276e-06 1.76138e-06 2.46593e-06 2.11366e-06 2.11366e-06 1.76138e-06 0.00000e+00 1.76138e-06 2.11366e-06 1.40911e-06 2.46593e-06 2.81821e-06 1.40911e-06 2.11366e-06
3.52276e-06 7.04553e-07 3.52276e-07 2.11366e-06 2.11366e-06 1.05683e-06 1.40911e-06 2.46593e-06 2.11366e-06 1.40911e-06 2.11366e-06 1.05683e-06 1.05683e-06 1.40911e-06 1.40911e-06 7.04553e-07 1.76138e-06 3.17049e-06 2.11366e-06 1.76138e-06
2.81821e-06 1.76138e-06 1.40911e-06 1.40911e-06 7.04553e-07 1.05683e-06 7.04553e-07 1.76138e-06 1.40911e-06 7.04553e-07 2.11366e-06 1.76138e-06 1.40911e-06 7.04553e-07 1.76138e-06 7.04553e-07 1.40911e-06 2.81821e-06 1.76138e-06 2.11366e-06
2.46593e-06 2.11366e-06 2.81821e-06 2.11366e-06 1.40911e-06 1.40911e-06 2.46593e-06 7.04553e-07 1.05683e-06 1.05683e-06 2.11366e-06 1.40911e-06 1.05683e-06 1.05683e-06 7.04553e-07 1.76138e-06 1.76138e-06 1.05683e-06 1.76138e-06 2.81821e-06
5.63642e-06 2.81821e-06 2.46593e-06 2.46593e-06 3.87504e-06 2.46593e-06 4.22732e-06 4.57959e-06 2.81821e-06 2.46593e-06 3.52276e-06 2.46593e-06 2.11366e-06 2.11366e-06 1.05683e-06 4.22732e-06 4.22732e-06 3.17049e-06 4.93187e-06 3.17049e-06
4.57959e-06 3.52276e-06 2.81821e-06 2.11366e-06 3.52276e-06 1.05683e-06 1.05683e-06 2.81821e-06 2.81821e-06 2.46593e-06 3.17049e-06 3.87504e-06 1.76138e-06 2.11366e-06 2.11366e-06 4.93187e-06 4.57959e-06 5.28415e-06 5.28415e-06 7.39780e-06
1.76138e-06 2.11366e-06 2.11366e-06 1.40911e-06 1.05683e-06 0.00000e+00 1.05683e-06 2.11366e-06 1.76138e-06 1.40911e-06 2.11366e-06 1.05683e-06 2.81821e-06 1.40911e-06 1.76138e-06 1.40911e-06 1.40911e-06 1.05683e-06 1.40911e-06 2.11366e-06
1.76138e-06 2.46593e-06 1.76138e-06 1.76138e-06 7.04553e-07 2.11366e-06 1.05683e-06 1.40911e-06 7.04553e-07 1.05683e-06 2.46593e-06 1.76138e-06 2.81821e-06 7.04553e-07 2.11366e-06 2.11366e-06 7.04553e-07 1.76138e-06 1.76138e-06 3.87504e-06
1.05683e-06 2.11366e-06 2.11366e-06 7.04553e-07 3.52276e-07 2.11366e-06 2.81821e-06 1.05683e-06 1.05683e-06 1.40911e-06 1.76138e-06 2.11366e-06 1.05683e-06 7.04553e-07 2.11366e-06 1.40911e-06 1.05683e-06 1.05683e-06 1.76138e-06 1.40911e-06
1.40911e-06 1.05683e-06 1.76138e-06 1.40911e-06 1.05683e-06 1.76138e-06 1.40911e-06 2.11366e-06 2.46593e-06 3.52276e-06 2.46593e-06 7.04553e-07 7.04553e-07 1.40911e-06 1.05683e-06 2.11366e-06 7.04553e-07 3.52276e-07 2.46593e-06 2.81821e-06
1.76138e-06 2.11366e-06 1.05683e-06 7.04553e-07 7.04553e-07 1.40911e-06 3.52276e-07 2.81821e-06 3.52276e-06 1.76138e-06 1.40911e-06 7.04553e-07 7.04553e-07 1.40911e-06 7.04553e-07 1.05683e-06 2.11366e-06 1.76138e-06 2.11366e-06 2.81821e-06
1.76138e-06 1.76138e-06 1.05683e-06 1.05683e-06 3.52276e-07 3.52276e-07 1.05683e-06 2.11366e-06 2.11366e-06 2.11366e-06 1.05683e-06 7.04553e-07 1.05683e-06 1.76138e-06 1.40911e-06 1.05683e-06 1.40911e-06 0.00000e+00 2.46593e-06 2.46593e-06
4.57959e-06 2.11366e-06 2.11366e-06 2.46593e-06 4.22732e-06 2.11366e-06 3.87504e-06 3.17049e-06 2.81821e-06 2.46593e-06 1.05683e-06 1.40911e-06 1.76138e-06 2.81821e-06 2.11366e-06 2.81821e-06 3.52276e-06 2.46593e-06 5.28415e-06 4.22732e-06
4.93187e-06 2.81821e-06 2.81821e-06 2.81821e-06 1.76138e-06 2.81821e-06 2.46593e-06 2.11366e-06 4.22732e-06 4.22732e-06 2.81821e-06 2.11366e-06 1.76138e-06 2.11366e-06 3.52276e-06 2.11366e-06 2.46593e-06 2.46593e-06 3.17049e-06 3.52276e-06
2.11366e-06 1.40911e-06 2.11366e-06 1.40911e-06 3.17049e-06 1.05683e-06 1.76138e-06 1.40911e-06 2.11366e-06 1.40911e-06 1.05683e-06 0.00000e+00 1.76138e-06 1.05683e-06 2.11366e-06 2.11366e-06 1.40911e-06 3.52276e-07 7.04553e-07 2.11366e-06
0.00000e+00 1.40911e-06 3.52276e-07 1.40911e-06 1.76138e-06 1.40911e-06 1.40911e-06 1.76138e-06 1.76138e-06 3.52276e-07 3.52276e-07 3.52276e-07 7.04553e-07 1.76138e-06 3.52276e-07 7.04553e-07 1.05683e-06 1.40911e-06 1.76138e-06 3.17049e-06
3.52276e-07 7.04553e-07 2.11366e-06 7.04553e-07 2.46593e-06 7.04553e-07 1.76138e-06 7.04553e-07 1.05683e-06 7.04553e-07 1.40911e-06 1.76138e-06 1.76138e-06 1.76138e-06 1.05683e-06 2.46593e-06 1.40911e-06 3.52276e-07 1.05683e-06 2.81821e-06
7.04553e-07 1.76138e-06 1.76138e-06 7.04553e-07 1.40911e-06 1.05683e-06 3.17049e-06 7.04553e-07 7.04553e-07 1.76138e-06 7.04553e-07 1.40911e-06 0.00000e+00 1.40911e-06 1.05683e-06 2.46593e-06 1.05683e-06 1.40911e-06 7.04553e-07 1.40911e-06
2.11366e-06 1.76138e-06 1.05683e-06 3.52276e-07 7.04553e-07 2.46593e-06 1.40911e-06 1.05683e-06 1.76138e-06 1.76138e-06 2.11366e-06 1.40911e-06 1.40911e-06 3.52276e-07 3.87504e-06 3.52276e-06 1.40911e-06 1.40911e-06 2.11366e-06 1.40911e-06
1.40911e-06 3.52276e-07 1.40911e-06 1.76138e-06 1.05683e-06 7.04553e-07 3.52276e-07 1.40911e-06 7.04553e-07 3.52276e-07 1.76138e-06 3.52276e-07 1.40911e-06 1.76138e-06 2.46593e-06 2.46593e-06 2.81821e-06 2.11366e-06 2.11366e-06 4.22732e-06
4.57959e-06 3.87504e-06 4.22732e-06 2.46593e-06 1.40911e-06 1.40911e-06 1.76138e-06 3.17049e-06 2.46593e-06 3.17049e-06 3.87504e-06 2.81821e-06 1.05683e-06 2.81821e-06 1.76138e-06 3.87504e-06 2.11366e-06 3.52276e-06 3.87504e-06 5.63642e-06
4.93187e-06 3.17049e-06 2.11366e-06 3.52276e-06 2.46593e-06 2.11366e-06 1.76138e-06 1.76138e-06 2.46593e-06 1.40911e-06 3.87504e-06 2.81821e-06 3.52276e-07 1.40911e-06 2.46593e-06 1.40911e-06 2.46593e-06 1.76138e-06 3.87504e-06 3.87504e-06
2.46593e-06 1.05683e-06 3.52276e-07 1.76138e-06 1.40911e-06 7.04553e-07 1.40911e-06 3.52276e-07 1.05683e-06 1.40911e-06 1.40911e-06 2.46593e-06 1.05683e-06 3.52276e-07 1.05683e-06 1.05683e-06 1.05683e-06 1.05683e-06 1.76138e-06 3.52276e-07
3.17049e-06 1.40911e-06 1.05683e-06 2.81821e-06 1.40911e-06 1.40911e-06 3.52276e-07 1.40911e-06 7.04553e-07 1.40911e-06 1.40911e-06 2.11366e-06 3.87504e-06 1.40911e-06 1.40911e-06 7.04553e-07 2.11366e-06 7.04553e-07 1.76138e-06 2.11366e-06
1.76138e-06 1.05683e-06 3.52276e-07 7.04553e-07 7.04553e-07 1.05683e-06 7.04553e-07 1.05683e-06 3.17049e-06 1.76138e-06 2.11366e-06 3.52276e-07 1.05683e-06 1.40911e-06 1.40911e-06 1.05683e-06 7.04553e-07 7.04553e-07 1.40911e-06 2.46593e-06
3.87504e-06 3.17049e-06 1.05683e-06 1.76138e-06 7.04553e-07 1.40911e-06 2.46593e-06 7.04553e-07 7.04553e-07 2.46593e-06 3.17049e-06 1.05683e-06 1.76138e-06 7.04553e-07 3.52276e-07 1.40911e-06 1.05683e-06 2.46593e-06 1.05683e-06 2.11366e-06
3.52276e-06 2.11366e-06 1.76138e-06 3.17049e-06 2.46593e-06 1.76138e-06 1.05683e-06 3.52276e-07 1.05683e-06 1.05683e-06 3.52276e-07 3.52276e-07 7.04553e-07 1.05683e-06 3.52276e-07 1.05683e-06 1.05683e-06 1.76138e-06 2.11366e-06 1.76138e-06
1.05683e-06 2.11366e-06 3.17049e-06 1.76138e-06 1.05683e-06 1.40911e-06 3.52276e-07 1.05683e-06 1.40911e-06 1.76138e-06 1.40911e-06 7.04553e-07 7.04553e-07 7.04553e-07 7.04553e-07 2.11366e-06 1.76138e-06 1.40911e-06 2.46593e-06 7.04553e-07
2.11366e-06 2.81821e-06 3.17049e-06 1.40911e-06 1.76138e-06 7.04553e-07 2.46593e-06 1.05683e-06 7.04553e-07 2.81821e-06 1.40911e-06 3.17049e-06 2.11366e-06 1.76138e-06 1.76138e-06 3.52276e-06 3.17049e-06 4.22732e-06 2.46593e-06 2.81821e-06
2.46593e-06 3.52276e-06 1.76138e-06 2.11366e-06 2.81821e-06 2.11366e-06 1.76138e-06 2.11366e-06 2.11366e-06 2.81821e-06 7.04553e-07 1.40911e-06 2.81821e-06 1.76138e-06 2.46593e-06 3.17049e-06 3.17049e-06 4.22732e-06 2.46593e-06 2.11366e-06
1.40911e-06 3.52276e-06 1.05683e-06 1.05683e-06 1.05683e-06 7.04553e-07 1.40911e-06 1.76138e-06 1.05683e-06 7.04553e-07 7.04553e-07 1.40911e-06 2.11366e-06 1.76138e-06 7.04553e-07 1.40911e-06 3.52276e-07 7.04553e-07 1.05683e-06 2.46593e-06
3.52276e-06 2.46593e-06 1.40911e-06 2.46593e-06 2.11366e-06 3.52276e-07 1.05683e-06 1.05683e-06 1.40911e-06 1.05683e-06 1.40911e-06 1.76138e-06 1.40911e-06 1.40911e-06 1.05683e-06 1.05683e-06 1.40911e-06 1.05683e-06 2.11366e-06 3.52276e-06
4.22732e-06 2.11366e-06 1.05683e-06 1.05683e-06 1.40911e-06 3.52276e-07 1.40911e-06 1.40911e-06 1.40911e-06 1.05683e-06 3.52276e-07 1.05683e-06 1.76138e-06 1.05683e-06 7.04553e-07 3.52276e-07 7.04553e-07 1.76138e-06 1.40911e-06 1.76138e-06
4.22732e-06 7.04553e-07 1.05683e-06 1.05683e-06 7.04553e-07 3.52276e-07 0.00000e+00 7.04553e-07 1.76138e-06 1.76138e-06 1.40911e-06 7.04553e-07 1.40911e-06 1.05683e-06 1.05683e-06 1.05683e-06 1.40911e-06 2.81821e-06 3.52276e-07 2.81821e-06
2.11366e-06 1.76138e-06 1.40911e-06 3.52276e-07 2.11366e-06 7.04553e-07 1.40911e-06 1.76138e-06 1.40911e-06 2.46593e-06 1.40911e-06 1.40911e-06 1.05683e-06 1.05683e-06 1.05683e-06 2.46593e-06 3.17049e-06 3.87504e-06 1.05683e-06 2.46593e-06
2.46593e-06 1.40911e-06 3.52276e-07 1.05683e-06 1.76138e-06 1.40911e-06 1.40911e-06 1.05683e-06 1.40911e-06 1.05683e-06 1.40911e-06 7.04553e-07 2.46593e-06 1.76138e-06 7.04553e-07 1.05683e-06 1.05683e-06 1.05683e-06 7.04553e-07 1.05683e-06
4.93187e-06 4.22732e-06 3.52276e-06 2.81821e-06 1.76138e-06 2.46593e-06 4.22732e-06 5.63642e-06 1.76138e-06 2.11366e-06 1.05683e-06 1.76138e-06 2.46593e-06 2.46593e-06 2.81821e-06 2.81821e-06 4.57959e-06 2.46593e-06 2.81821e-06 3.17049e-06
3.17049e-06 3.17049e-06 3.52276e-06 2.81821e-06 3.87504e-06 3.87504e-06 6.34098e-06 3.87504e-06 2.46593e-06 3.52276e-06 3.17049e-06 4.57959e-06 5.28415e-06 2.11366e-06 2.46593e-06 3.52276e-06 1.76138e-06 1.40911e-06 2.81821e-06 3.52276e-06
2.11366e-06 3.52276e-07 2.81821e-06 1.76138e-06 2.11366e-06 2.46593e-06 7.04553e-07 2.11366e-06 1.40911e-06 7.04553e-07 3.52276e-07 2.11366e-06 1.76138e-06 7.04553e-07 7.04553e-07 1.40911e-06 1.76138e-06 7.04553e-07 2.11366e-06 2.46593e-06
3.17049e-06 1.40911e-06 1.05683e-06 7.04553e-07 2.11366e-06 1.76138e-06 1.40911e-06 3.52276e-07 1.05683e-06 1.40911e-06 3.52276e-07 1.40911e-06 7.04553e-07 3.52276e-07 1.05683e-06 1.76138e-06 2.11366e-06 1.40911e-06 3.52276e-07 2.46593e-06
3.87504e-06 7.04553e-07 1.76138e-06 1.05683e-06 1.40911e-06 3.52276e-07 3.52276e-07 1.05683e-06 2.46593e-06 7.04553e-07 7.04553e-07 1.40911e-06 1.05683e-06 1.40911e-06 1.40911e-06 3.52276e-07 2.11366e-06 1.40911e-06 1.40911e-06 1.76138e-06
3.17049e-06 1.76138e-06 1.40911e-06 7.04553e-07 3.52276e-07 1.40911e-06 7.04553e-07 1.76138e-06 7.04553e-07 7.04553e-07 1.05683e-06 2.46593e-06 2.11366e-06 3.52276e-07 1.05683e-06 2.11366e-06 1.76138e-06 1.05683e-06 2.11366e-06 3.17049e-06
2.46593e-06 2.81821e-06 2.46593e-06 2.11366e-06 1.05683e-06 1.05683e-06 1.05683e-06 1.40911e-06 7.04553e-07 1.40911e-06 1.05683e-06 1.76138e-06 7.04553e-07 1.40911e-06 2.46593e-06 1.76138e-06 2.11366e-06 7.04553e-07 1.05683e-06 2.81821e-06
4.93187e-06 2.81821e-06 2.81821e-06 3.52276e-07 3.52276e-07 1.76138e-06 1.05683e-06 1.05683e-06 7.04553e-07 1.40911e-06 1.05683e-06 3.52276e-07 1.76138e-06 1.76138e-06 2.11366e-06 1.40911e-06 7.04553e-07 1.05683e-06 1.05683e-06 2.81821e-06
3.87504e-06 1.76138e-06 7.04553e-07 1.05683e-06 1.40911e-06 7.04553e-07 2.46593e-06 1.05683e-06 1.05683e-06 7.04553e-07 1.76138e-06 3.52276e-07 1.40911e-06 7.04553e-07 1.05683e-06 1.40911e-06 1.40911e-06 2.11366e-06 3.17049e-06 5.28415e-06
1.40911e-06 2.11366e-06 1.05683e-06 2.46593e-06 2.81821e-06 7.04553e-07 1.40911e-06 7.04553e-07 7.04553e-07 7.04553e-07 1.76138e-06 3.52276e-07 1.76138e-06 1.76138e-06 0.00000e+00 1.76138e-06 7.04553e-07 1.05683e-06 1.40911e-06 2.81821e-06
3.52276e-06 1.76138e-06 7.04553e-07 2.11366e-06 1.40911e-06 7.04553e-07 2.11366e-06 2.11366e-06 1.40911e-06 1.05683e-06 1.05683e-06 1.05683e-06 1.05683e-06 1.76138e-06 1.76138e-06 1.05683e-06 1.40911e-06 1.40911e-06 1.40911e-06 2.46593e-06
3.52276e-06 2.46593e-06 2.81821e-06 3.52276e-06 1.40911e-06 1.76138e-06 1.05683e-06 7.04553e-07 1.76138e-06 1.76138e-06 1.76138e-06 1.76138e-06 1.40911e-06 7.04553e-07 3.52276e-06 2.46593e-06 1.05683e-06 1.05683e-06 1.76138e-06 1.76138e-06
3.87504e-06 1.76138e-06 1.05683e-06 7.04553e-07 7.04553e-07 7.04553e-07 0.00000e+00 1.05683e-06 2.81821e-06 2.46593e-06 1.05683e-06 1.76138e-06 2.46593e-06 1.76138e-06 2.11366e-06 3.87504e-06 1.40911e-06 1.40911e-06 2.46593e-06 2.46593e-06
2.81821e-06 4.57959e-06 1.76138e-06 3.17049e-06 2.11366e-06 2.11366e-06 2.11366e-06 3.52276e-06 3.52276e-06 2.46593e-06 1.40911e-06 2.11366e-06 2.11366e-06 1.76138e-06 1.76138e-06 2.11366e-06 1.05683e-06 2.81821e-06 2.81821e-06 3.52276e-06
