3.66367e-06 3.20572e-06 2.74776e-06 3.20572e-06 3.20572e-06 1.60286e-06 2.28980e-06 1.60286e-06 2.06082e-06 3.20572e-06
3.43469e-06 3.66367e-06 9.15919e-07 1.37388e-06 1.14490e-06 1.14490e-06 2.28980e-06 9.15919e-07 1.37388e-06 1.60286e-06
2.51878e-06 1.60286e-06 9.15919e-07 1.37388e-06 9.15919e-07 9.15919e-07 1.37388e-06 2.28980e-07 9.15919e-07 9.15919e-07
1.37388e-06 1.14490e-06 1.37388e-06 9.15919e-07 9.15919e-07 1.14490e-06 1.14490e-06 1.37388e-06 1.60286e-06 1.60286e-06
9.15919e-07 1.60286e-06 2.06082e-06 1.14490e-06 2.06082e-06 1.60286e-06 1.14490e-06 2.51878e-06 1.37388e-06 1.14490e-06
1.37388e-06 1.37388e-06 1.60286e-06 6.86939e-07 1.37388e-06 2.06082e-06 1.83184e-06 1.14490e-06 1.83184e-06 2.74776e-06
2.06082e-06 1.37388e-06 1.60286e-06 1.14490e-06 9.15919e-07 2.51878e-06 1.14490e-06 1.37388e-06 9.15919e-07 1.14490e-06
1.37388e-06 1.37388e-06 4.57959e-07 1.60286e-06 6.86939e-07 6.86939e-07 2.28980e-07 9.15919e-07 1.37388e-06 1.83184e-06
2.51878e-06 1.14490e-06 9.15919e-07 1.37388e-06 1.37388e-06 9.15919e-07 1.37388e-06 2.28980e-06 2.51878e-06 2.74776e-06
1.60286e-06 1.83184e-06 9.15919e-07 6.86939e-07 1.14490e-06 1.14490e-06 1.14490e-06 6.86939e-07 1.14490e-06 2.74776e-06
1.60286e-06 1.37388e-06 2.28980e-07 6.86939e-07 6.86939e-07 9.15919e-07 9.15919e-07 6.86939e-07 1.37388e-06 2.28980e-06
1.14490e-06 1.37388e-06 6.86939e-07 1.60286e-06 1.60286e-06 6.86939e-07 1.14490e-06 1.37388e-06 1.83184e-06 3.66367e-06
1.14490e-06 1.60286e-06 1.83184e-06 2.28980e-06 1.60286e-06 1.83184e-06 1.37388e-06 2.06082e-06 1.83184e-06 2.28980e-06
1.60286e-06 1.60286e-06 9.15919e-07 1.14490e-06 1.83184e-06 1.60286e-06 1.37388e-06 1.60286e-06 9.15919e-07 2.74776e-06
2.06082e-06 1.60286e-06 1.83184e-06 1.37388e-06 1.37388e-06 1.60286e-06 1.14490e-06 1.37388e-06 6.86939e-07 2.74776e-06
1.60286e-06 9.15919e-07 1.60286e-06 9.15919e-07 9.15919e-07 6.86939e-07 9.15919e-07 1.60286e-06 1.14490e-06 1.37388e-06
1.83184e-06 1.14490e-06 2.51878e-06 2.51878e-06 1.37388e-06 2.06082e-06 1.37388e-06 1.37388e-06 2.06082e-06 2.28980e-06
2.28980e-06 9.15919e-07 3.20572e-06 2.06082e-06 1.14490e-06 1.60286e-06 1.83184e-06 1.14490e-06 1.83184e-06 3.66367e-06
6.86939e-07 9.15919e-07 1.14490e-06 1.60286e-06 2.28980e-07 9.15919e-07 1.14490e-06 4.57959e-07 9.15919e-07 1.37388e-06
1.37388e-06 9.15919e-07 1.14490e-06 1.14490e-06 9.15919e-07 9.15919e-07 1.14490e-06 9.15919e-07 2.06082e-06 1.83184e-06
2.06082e-06 6.86939e-07 6.86939e-07 4.57959e-07 4.57959e-07 2.28980e-07 2.06082e-06 1.14490e-06 9.15919e-07 1.83184e-06
9.15919e-07 2.28980e-07 1.14490e-06 1.14490e-06 6.86939e-07 2.28980e-07 1.60286e-06 1.37388e-06 6.86939e-07 9.15919e-07
2.51878e-06 1.14490e-06 4.57959e-07 6.86939e-07 4.57959e-07 2.28980e-07 6.86939e-07 1.14490e-06 9.15919e-07 1.37388e-06
9.15919e-07 4.57959e-07 4.57959e-07 2.28980e-07 0.00000e+00 0.00000e+00 6.86939e-07 2.28980e-07 9.15919e-07 1.14490e-06
1.83184e-06 1.37388e-06 9.15919e-07 9.15919e-07 1.14490e-06 1.37388e-06 2.28980e-07 6.86939e-07 1.37388e-06 2.51878e-06
2.06082e-06 1.14490e-06 1.14490e-06 1.37388e-06 6.86939e-07 1.83184e-06 1.83184e-06 9.15919e-07 1.83184e-06 2.51878e-06
2.06082e-06 1.14490e-06 9.15919e-07 6.86939e-07 1.14490e-06 0.00000e+00 6.86939e-07 2.28980e-07 6.86939e-07 1.37388e-06
1.37388e-06 1.37388e-06 6.86939e-07 1.37388e-06 6.86939e-07 1.60286e-06 1.83184e-06 1.83184e-06 1.83184e-06 2.28980e-06
1.37388e-06 1.60286e-06 9.15919e-07 1.14490e-06 9.15919e-07 1.14490e-06 1.37388e-06 6.86939e-07 2.28980e-06 2.06082e-06
2.06082e-06 9.15919e-07 9.15919e-07 4.57959e-07 2.28980e-07 1.14490e-06 4.57959e-07 1.14490e-06 9.15919e-07 2.74776e-06
9.15919e-07 6.86939e-07 6.86939e-07 4.57959e-07 6.86939e-07 9.15919e-07 9.15919e-07 4.57959e-07 2.28980e-07 2.74776e-06
9.15919e-07 1.14490e-06 6.86939e-07 4.57959e-07 9.15919e-07 9.15919e-07 6.86939e-07 9.15919e-07 6.86939e-07 1.83184e-06
2.06082e-06 1.14490e-06 1.83184e-06 1.14490e-06 1.60286e-06 6.86939e-07 2.06082e-06 1.83184e-06 1.60286e-06 2.06082e-06
1.60286e-06 1.37388e-06 1.60286e-06 1.60286e-06 1.37388e-06 1.14490e-06 1.60286e-06 2.06082e-06 9.15919e-07 1.60286e-06
6.86939e-07 1.14490e-06 6.86939e-07 6.86939e-07 1.14490e-06 4.57959e-07 9.15919e-07 6.86939e-07 1.14490e-06 1.60286e-06
1.37388e-06 6.86939e-07 1.60286e-06 9.15919e-07 1.37388e-06 6.86939e-07 1.37388e-06 1.60286e-06 1.37388e-06 2.06082e-06
1.60286e-06 6.86939e-07 1.37388e-06 1.14490e-06 6.86939e-07 1.14490e-06 9.15919e-07 6.86939e-07 1.37388e-06 1.83184e-06
2.51878e-06 1.37388e-06 2.51878e-06 1.14490e-06 9.15919e-07 1.14490e-06 1.14490e-06 1.83184e-06 6.86939e-07 1.60286e-06
2.06082e-06 2.28980e-07 1.37388e-06 4.57959e-07 0.00000e+00 1.14490e-06 9.15919e-07 4.57959e-07 4.57959e-07 9.15919e-07
1.37388e-06 2.28980e-07 6.86939e-07 4.57959e-07 2.28980e-07 6.86939e-07 6.86939e-07 4.57959e-07 9.15919e-07 6.86939e-07
2.28980e-06 1.14490e-06 2.51878e-06 2.28980e-06 1.14490e-06 1.83184e-06 1.14490e-06 6.86939e-07 1.14490e-06 2.97674e-06
2.51878e-06 9.15919e-07 1.83184e-06 2.06082e-06 2.97674e-06 1.83184e-06 1.60286e-06 1.60286e-06 1.37388e-06 2.74776e-06
6.86939e-07 4.57959e-07 6.86939e-07 1.14490e-06 6.86939e-07 9.15919e-07 4.57959e-07 4.57959e-07 9.15919e-07 9.15919e-07
1.37388e-06 1.83184e-06 2.28980e-07 4.57959e-07 2.28980e-07 6.86939e-07 1.37388e-06 1.14490e-06 2.06082e-06 9.15919e-07
1.60286e-06 2.51878e-06 9.15919e-07 1.60286e-06 1.37388e-06 9.15919e-07 1.37388e-06 1.60286e-06 1.14490e-06 1.37388e-06
1.83184e-06 1.14490e-06 6.86939e-07 1.14490e-06 1.14490e-06 1.37388e-06 1.37388e-06 1.14490e-06 1.83184e-06 2.06082e-06
1.60286e-06 9.15919e-07 1.37388e-06 1.60286e-06 2.28980e-07 1.37388e-06 2.28980e-07 6.86939e-07 9.15919e-07 1.83184e-06
1.14490e-06 1.14490e-06 4.57959e-07 4.57959e-07 6.86939e-07 4.57959e-07 4.57959e-07 1.37388e-06 1.14490e-06 1.37388e-06
1.60286e-06 1.83184e-06 9.15919e-07 2.06082e-06 1.83184e-06 1.83184e-06 1.37388e-06 2.97674e-06 1.14490e-06 2.28980e-06
2.97674e-06 1.83184e-06 1.60286e-06 1.60286e-06 2.28980e-07 1.14490e-06 1.60286e-06 3.89265e-06 1.14490e-06 2.28980e-06
2.06082e-06 6.86939e-07 4.57959e-07 4.57959e-07 4.57959e-07 6.86939e-07 6.86939e-07 1.14490e-06 0.00000e+00 2.74776e-06
1.83184e-06 1.37388e-06 1.83184e-06 1.14490e-06 1.60286e-06 9.15919e-07 6.86939e-07 6.86939e-07 1.37388e-06 2.97674e-06
3.20572e-06 1.60286e-06 1.60286e-06 6.86939e-07 4.57959e-07 9.15919e-07 2.06082e-06 1.37388e-06 1.60286e-06 1.83184e-06
3.66367e-06 1.60286e-06 1.14490e-06 4.57959e-07 2.28980e-07 1.60286e-06 9.15919e-07 9.15919e-07 4.57959e-07 1.14490e-06
2.74776e-06 2.06082e-06 1.60286e-06 1.60286e-06 1.37388e-06 2.74776e-06 1.37388e-06 1.83184e-06 1.83184e-06 2.06082e-06
1.14490e-06 1.37388e-06 2.28980e-07 1.83184e-06 9.15919e-07 1.37388e-06 1.83184e-06 9.15919e-07 9.15919e-07 1.60286e-06
2.06082e-06 2.06082e-06 2.28980e-06 2.06082e-06 2.97674e-06 2.06082e-06 1.14490e-06 1.60286e-06 1.60286e-06 2.97674e-06
2.28980e-06 1.14490e-06 9.15919e-07 1.83184e-06 1.14490e-06 1.83184e-06 1.14490e-06 1.83184e-06 2.28980e-06 2.51878e-06
1.14490e-06 4.57959e-07 9.15919e-07 1.14490e-06 1.83184e-06 1.60286e-06 1.37388e-06 1.14490e-06 1.37388e-06 4.57959e-07
2.06082e-06 1.60286e-06 4.57959e-07 9.15919e-07 1.37388e-06 1.37388e-06 1.60286e-06 1.83184e-06 6.86939e-07 4.57959e-07
1.83184e-06 1.14490e-06 1.37388e-06 1.37388e-06 1.37388e-06 6.86939e-07 1.14490e-06 1.14490e-06 1.83184e-06 1.37388e-06
2.06082e-06 2.06082e-06 2.28980e-06 1.14490e-06 9.15919e-07 1.83184e-06 0.00000e+00 1.14490e-06 1.83184e-06 2.06082e-06
1.60286e-06 1.14490e-06 1.60286e-06 1.14490e-06 6.86939e-07 9.15919e-07 6.86939e-07 1.14490e-06 1.60286e-06 2.06082e-06
6.86939e-07 2.28980e-07 1.37388e-06 9.15919e-07 1.14490e-06 9.15919e-07 1.60286e-06 9.15919e-07 1.14490e-06 1.83184e-06
2.06082e-06 1.14490e-06 1.37388e-06 1.14490e-06 2.97674e-06 1.60286e-06 1.14490e-06 6.86939e-07 1.83184e-06 3.20572e-06
2.74776e-06 2.06082e-06 2.51878e-06 2.51878e-06 3.20572e-06 2.28980e-06 6.86939e-07 2.06082e-06 2.28980e-06 3.20572e-06
1.37388e-06 2.06082e-06 1.37388e-06 9.15919e-07 9.15919e-07 1.60286e-06 1.14490e-06 6.86939e-07 1.60286e-06 1.60286e-06
1.37388e-06 1.37388e-06 1.37388e-06 1.37388e-06 1.60286e-06 2.51878e-06 1.83184e-06 1.14490e-06 1.60286e-06 1.83184e-06
6.86939e-07 4.57959e-07 1.83184e-06 1.37388e-06 1.83184e-06 2.28980e-06 1.37388e-06 1.37388e-06 2.28980e-06 1.14490e-06
2.51878e-06 1.14490e-06 2.06082e-06 6.86939e-07 2.28980e-06 2.28980e-06 4.57959e-07 1.14490e-06 2.74776e-06 1.60286e-06
1.83184e-06 1.83184e-06 1.60286e-06 9.15919e-07 4.57959e-07 4.57959e-07 9.15919e-07 9.15919e-07 2.06082e-06 9.15919e-07
1.60286e-06 6.86939e-07 1.60286e-06 6.86939e-07 4.57959e-07 4.57959e-07 0.00000e+00 9.15919e-07 1.14490e-06 4.57959e-07
3.89265e-06 1.60286e-06 1.60286e-06 1.60286e-06 1.60286e-06 1.37388e-06 2.28980e-07 9.15919e-07 1.14490e-06 2.06082e-06
2.74776e-06 2.28980e-06 0.00000e+00 9.15919e-07 9.15919e-07 2.28980e-07 9.15919e-07 2.28980e-06 1.83184e-06 2.06082e-06
1.14490e-06 4.57959e-07 0.00000e+00 4.57959e-07 2.28980e-07 2.28980e-07 4.57959e-07 9.15919e-07 9.15919e-07 1.60286e-06
1.83184e-06 1.37388e-06 4.57959e-07 1.14490e-06 1.37388e-06 2.28980e-07 1.37388e-06 1.37388e-06 1.60286e-06 1.14490e-06
1.83184e-06 1.60286e-06 9.15919e-07 9.15919e-07 2.28980e-07 0.00000e+00 6.86939e-07 1.37388e-06 1.60286e-06 9.15919e-07
1.60286e-06 1.37388e-06 4.57959e-07 4.57959e-07 9.15919e-07 6.86939e-07 6.86939e-07 1.14490e-06 2.06082e-06 1.83184e-06
4.57959e-07 1.14490e-06 1.60286e-06 9.15919e-07 1.83184e-06 9.15919e-07 9.15919e-07 1.14490e-06 1.14490e-06 1.83184e-06
1.14490e-06 4.57959e-07 9.15919e-07 9.15919e-07 1.14490e-06 9.15919e-07 0.00000e+00 4.57959e-07 9.15919e-07 1.14490e-06
3.43469e-06 1.83184e-06 1.14490e-06 1.60286e-06 2.51878e-06 1.37388e-06 1.37388e-06 1.60286e-06 1.14490e-06 3.20572e-06
2.51878e-06 9.15919e-07 1.37388e-06 1.37388e-06 1.83184e-06 1.60286e-06 1.14490e-06 2.06082e-06 2.06082e-06 2.97674e-06
2.06082e-06 6.86939e-07 1.60286e-06 4.57959e-07 9.15919e-07 6.86939e-07 1.60286e-06 1.37388e-06 4.57959e-07 2.97674e-06
1.37388e-06 1.83184e-06 6.86939e-07 4.57959e-07 9.15919e-07 1.83184e-06 9.15919e-07 1.14490e-06 6.86939e-07 2.51878e-06
1.14490e-06 1.83184e-06 1.14490e-06 1.14490e-06 6.86939e-07 9.15919e-07 9.15919e-07 1.14490e-06 1.60286e-06 2.28980e-06
2.28980e-06 1.83184e-06 6.86939e-07 6.86939e-07 2.28980e-07 6.86939e-07 4.57959e-07 1.37388e-06 2.06082e-06 2.06082e-06
2.06082e-06 2.06082e-06 1.60286e-06 1.60286e-06 6.86939e-07 9.15919e-07 9.15919e-07 2.28980e-07 9.15919e-07 1.60286e-06
1.37388e-06 1.37388e-06 1.14490e-06 4.57959e-07 4.57959e-07 2.28980e-07 1.14490e-06 2.28980e-07 6.86939e-07 1.83184e-06
2.51878e-06 2.06082e-06 1.37388e-06 2.28980e-07 1.60286e-06 1.14490e-06 9.15919e-07 2.06082e-06 2.28980e-06 2.51878e-06
4.12163e-06 3.20572e-06 2.06082e-06 1.14490e-06 1.14490e-06 1.60286e-06 9.15919e-07 1.37388e-06 2.06082e-06 1.83184e-06
2.06082e-06 1.60286e-06 4.57959e-07 4.57959e-07 4.57959e-07 1.37388e-06 2.28980e-07 0.00000e+00 6.86939e-07 4.57959e-07
9.15919e-07 1.83184e-06 2.28980e-06 9.15919e-07 1.60286e-06 1.37388e-06 9.15919e-07 1.14490e-06 1.14490e-06 1.60286e-06
4.57959e-07 1.37388e-06 1.37388e-06 1.60286e-06 1.60286e-06 1.60286e-06 2.06082e-06 1.83184e-06 1.60286e-06 2.97674e-06
1.60286e-06 1.37388e-06 1.60286e-06 9.15919e-07 1.37388e-06 1.37388e-06 1.60286e-06 1.83184e-06 2.74776e-06 9.15919e-07
1.37388e-06 6.86939e-07 1.37388e-06 1.14490e-06 9.15919e-07 9.15919e-07 1.37388e-06 1.37388e-06 1.60286e-06 1.83184e-06
2.06082e-06 1.60286e-06 6.86939e-07 6.86939e-07 2.28980e-07 6.86939e-07 6.86939e-07 6.86939e-07 4.57959e-07 4.57959e-07
2.06082e-06 1.60286e-06 1.60286e-06 1.37388e-06 2.28980e-06 2.51878e-06 1.14490e-06 1.14490e-06 9.15919e-07 1.60286e-06
2.06082e-06 1.60286e-06 9.15919e-07 1.37388e-06 6.86939e-07 1.37388e-06 6.86939e-07 1.14490e-06 1.60286e-06 2.06082e-06
2.06082e-06 6.86939e-07 1.14490e-06 2.28980e-07 6.86939e-07 2.28980e-07 6.86939e-07 9.15919e-07 9.15919e-07 1.37388e-06
1.83184e-06 2.28980e-07 1.14490e-06 1.14490e-06 1.14490e-06 2.28980e-07 6.86939e-07 1.60286e-06 9.15919e-07 1.60286e-06
1.60286e-06 9.15919e-07 6.86939e-07 1.14490e-06 2.06082e-06 6.86939e-07 4.57959e-07 2.51878e-06 9.15919e-07 1.60286e-06
1.83184e-06 2.06082e-06 1.60286e-06 9.15919e-07 1.83184e-06 4.57959e-07 9.15919e-07 4.57959e-07 4.57959e-07 1.83184e-06
2.51878e-06 2.28980e-06 1.37388e-06 2.28980e-07 2.28980e-07 2.28980e-07 1.14490e-06 1.14490e-06 2.51878e-06 1.60286e-06
2.51878e-06 2.06082e-06 6.86939e-07 9.15919e-07 2.28980e-07 0.00000e+00 9.15919e-07 6.86939e-07 1.37388e-06 2.28980e-06
4.35061e-06 2.06082e-06 2.28980e-06 1.60286e-06 1.14490e-06 1.83184e-06 1.14490e-06 9.15919e-07 2.06082e-06 2.97674e-06
3.20572e-06 1.83184e-06 2.51878e-06 1.14490e-06 6.86939e-07 1.60286e-06 1.83184e-06 1.14490e-06 1.83184e-06 2.51878e-06
1.37388e-06 4.57959e-07 2.28980e-06 9.15919e-07 6.86939e-07 9.15919e-07 2.06082e-06 9.15919e-07 1.14490e-06 1.14490e-06
2.28980e-06 6.86939e-07 1.37388e-06 9.15919e-07 9.15919e-07 4.57959e-07 1.83184e-06 1.14490e-06 9.15919e-07 2.06082e-06
4.57959e-07 4.57959e-07 4.57959e-07 1.60286e-06 1.83184e-06 1.60286e-06 6.86939e-07 1.37388e-06 1.37388e-06 2.06082e-06
1.14490e-06 1.83184e-06 1.83184e-06 1.83184e-06 1.83184e-06 9.15919e-07 9.15919e-07 1.14490e-06 1.37388e-06 2.51878e-06
2.51878e-06 1.37388e-06 2.28980e-06 6.86939e-07 2.28980e-07 1.60286e-06 1.83184e-06 1.83184e-06 1.37388e-06 1.60286e-06
1.60286e-06 9.15919e-07 1.14490e-06 9.15919e-07 6.86939e-07 6.86939e-07 2.06082e-06 1.14490e-06 1.37388e-06 1.37388e-06
2.97674e-06 6.86939e-07 1.37388e-06 1.37388e-06 6.86939e-07 2.74776e-06 1.37388e-06 2.06082e-06 1.60286e-06 1.14490e-06
3.66367e-06 2.51878e-06 2.51878e-06 1.83184e-06 9.15919e-07 1.60286e-06 2.06082e-06 2.28980e-06 1.14490e-06 2.06082e-06
2.28980e-06 1.60286e-06 1.60286e-06 9.15919e-07 6.86939e-07 9.15919e-07 1.14490e-06 9.15919e-07 1.37388e-06 1.37388e-06
2.51878e-06 2.06082e-06 2.06082e-06 1.83184e-06 9.15919e-07 1.14490e-06 1.14490e-06 1.37388e-06 6.86939e-07 1.14490e-06
1.83184e-06 1.14490e-06 1.60286e-06 9.15919e-07 1.37388e-06 1.37388e-06 9.15919e-07 9.15919e-07 1.60286e-06 1.37388e-06
1.14490e-06 6.86939e-07 4.57959e-07 9.15919e-07 4.57959e-07 6.86939e-07 4.57959e-07 6.86939e-07 1.37388e-06 2.97674e-06
1.37388e-06 9.15919e-07 1.83184e-06 1.14490e-06 1.37388e-06 1.14490e-06 0.00000e+00 6.86939e-07 9.15919e-07 2.51878e-06
1.14490e-06 4.57959e-07 1.14490e-06 1.60286e-06 0.00000e+00 6.86939e-07 4.57959e-07 1.14490e-06 1.37388e-06 2.74776e-06
2.06082e-06 1.60286e-06 2.06082e-06 1.83184e-06 1.37388e-06 6.86939e-07 1.37388e-06 1.60286e-06 1.14490e-06 2.06082e-06
2.28980e-06 2.28980e-06 2.28980e-06 9.15919e-07 1.83184e-06 9.15919e-07 1.60286e-06 1.83184e-06 2.06082e-06 2.51878e-06
1.14490e-06 2.28980e-07 6.86939e-07 2.28980e-07 1.83184e-06 1.37388e-06 1.14490e-06 1.14490e-06 9.15919e-07 1.60286e-06
2.51878e-06 6.86939e-07 1.60286e-06 4.57959e-07 1.14490e-06 1.37388e-06 9.15919e-07 1.60286e-06 4.57959e-07 2.06082e-06
2.51878e-06 9.15919e-07 1.37388e-06 9.15919e-07 1.14490e-06 1.60286e-06 1.37388e-06 9.15919e-07 1.14490e-06 1.60286e-06
2.06082e-06 1.14490e-06 9.15919e-07 1.83184e-06 1.14490e-06 1.37388e-06 1.60286e-06 6.86939e-07 1.14490e-06 2.97674e-06
1.37388e-06 4.57959e-07 6.86939e-07 6.86939e-07 4.57959e-07 1.14490e-06 9.15919e-07 9.15919e-07 2.28980e-07 2.06082e-06
1.37388e-06 1.37388e-06 9.15919e-07 1.14490e-06 1.83184e-06 9.15919e-07 4.57959e-07 9.15919e-07 6.86939e-07 2.06082e-06
2.97674e-06 2.51878e-06 1.14490e-06 1.83184e-06 2.51878e-06 2.51878e-06 1.83184e-06 1.83184e-06 1.14490e-06 1.83184e-06
2.97674e-06 2.74776e-06 2.28980e-06 2.97674e-06 2.28980e-06 1.14490e-06 1.14490e-06 1.60286e-06 1.83184e-06 2.74776e-06
2.51878e-06 4.57959e-07 1.14490e-06 9.15919e-07 1.14490e-06 1.60286e-06 9.15919e-07 1.60286e-06 1.83184e-06 4.57959e-07
2.06082e-06 1.14490e-06 2.06082e-06 6.86939e-07 1.14490e-06 6.86939e-07 9.15919e-07 1.14490e-06 6.86939e-07 1.37388e-06
2.28980e-06 2.97674e-06 9.15919e-07 1.60286e-06 1.37388e-06 9.15919e-07 1.14490e-06 1.60286e-06 2.06082e-06 1.14490e-06
2.28980e-06 2.51878e-06 9.15919e-07 2.28980e-07 1.14490e-06 2.06082e-06 1.14490e-06 9.15919e-07 2.28980e-06 2.06082e-06
2.51878e-06 9.15919e-07 6.86939e-07 1.14490e-06 1.37388e-06 6.86939e-07 9.15919e-07 1.60286e-06 1.14490e-06 2.06082e-06
1.83184e-06 1.14490e-06 9.15919e-07 2.74776e-06 2.74776e-06 1.37388e-06 1.83184e-06 1.37388e-06 9.15919e-07 9.15919e-07
2.74776e-06 1.60286e-06 2.51878e-06 2.51878e-06 2.28980e-06 2.74776e-06 2.51878e-06 1.14490e-06 1.60286e-06 3.89265e-06
3.20572e-06 3.43469e-06 2.74776e-06 2.74776e-06 2.28980e-06 1.60286e-06 1.83184e-06 2.51878e-06 1.60286e-06 3.66367e-06
2.06082e-06 1.14490e-06 9.15919e-07 2.06082e-06 9.15919e-07 1.14490e-06 1.83184e-06 9.15919e-07 1.14490e-06 1.37388e-06
4.57959e-07 9.15919e-07 1.14490e-06 2.74776e-06 2.51878e-06 1.60286e-06 1.60286e-06 1.37388e-06 9.15919e-07 2.97674e-06
1.37388e-06 9.15919e-07 1.37388e-06 6.86939e-07 1.60286e-06 2.28980e-06 9.15919e-07 1.37388e-06 2.28980e-06 2.74776e-06
1.83184e-06 1.14490e-06 1.37388e-06 2.06082e-06 1.37388e-06 2.74776e-06 1.60286e-06 2.28980e-06 1.37388e-06 2.51878e-06
2.28980e-06 2.28980e-06 9.15919e-07 1.14490e-06 1.14490e-06 1.37388e-06 6.86939e-07 1.83184e-06 9.15919e-07 2.28980e-06
1.60286e-06 1.83184e-06 9.15919e-07 1.14490e-06 1.60286e-06 1.14490e-06 1.60286e-06 9.15919e-07 2.06082e-06 3.89265e-06
3.89265e-06 1.60286e-06 1.14490e-06 2.28980e-06 2.06082e-06 2.74776e-06 2.51878e-06 2.06082e-06 1.60286e-06 2.97674e-06
2.51878e-06 1.37388e-06 1.60286e-06 1.37388e-06 2.51878e-06 2.28980e-06 2.06082e-06 3.20572e-06 1.83184e-06 3.20572e-06
3.66367e-06 2.06082e-06 2.51878e-06 1.14490e-06 2.06082e-06 1.83184e-06 2.06082e-06 2.51878e-06 2.28980e-06 2.74776e-06
4.12163e-06 2.51878e-06 2.06082e-06 2.28980e-06 1.83184e-06 2.06082e-06 2.06082e-06 1.83184e-06 3.66367e-06 2.06082e-06
4.12163e-06 3.89265e-06 1.60286e-06 2.06082e-06 2.74776e-06 2.28980e-06 3.89265e-06 1.83184e-06 2.97674e-06 4.12163e-06
7.09837e-06 4.35061e-06 2.97674e-06 2.51878e-06 1.60286e-06 3.66367e-06 3.43469e-06 2.28980e-06 4.57959e-06 4.57959e-06
