2.56619e-06 2.35234e-06 2.13849e-06 2.35234e-06 1.92464e-06 2.99388e-06 2.56619e-06 2.13849e-06 3.20773e-06 4.49083e-06
2.56619e-06 4.27698e-07 8.55395e-07 1.06924e-06 1.49694e-06 1.06924e-06 1.71079e-06 2.13849e-06 1.49694e-06 1.71079e-06
2.13849e-06 4.27698e-07 1.28309e-06 6.41547e-07 6.41547e-07 4.27698e-07 1.49694e-06 1.49694e-06 2.13849e-07 1.71079e-06
2.56619e-06 1.92464e-06 1.06924e-06 8.55395e-07 1.92464e-06 6.41547e-07 1.06924e-06 1.71079e-06 8.55395e-07 1.28309e-06
3.42158e-06 1.49694e-06 8.55395e-07 6.41547e-07 6.41547e-07 6.41547e-07 8.55395e-07 1.28309e-06 1.28309e-06 1.71079e-06
2.35234e-06 1.06924e-06 1.49694e-06 2.13849e-07 4.27698e-07 2.13849e-07 1.06924e-06 2.13849e-07 1.06924e-06 1.06924e-06
2.99388e-06 1.28309e-06 6.41547e-07 8.55395e-07 4.27698e-07 6.41547e-07 8.55395e-07 8.55395e-07 1.49694e-06 8.55395e-07
1.06924e-06 6.41547e-07 8.55395e-07 6.41547e-07 4.27698e-07 0.00000e+00 8.55395e-07 4.27698e-07 4.27698e-07 1.06924e-06
2.13849e-06 1.49694e-06 1.71079e-06 1.06924e-06 1.71079e-06 1.06924e-06 6.41547e-07 1.92464e-06 1.49694e-06 3.42158e-06
1.92464e-06 1.92464e-06 1.49694e-06 1.92464e-06 1.92464e-06 1.92464e-06 2.13849e-06 1.71079e-06 2.13849e-06 1.06924e-06
1.92464e-06 1.06924e-06 8.55395e-07 8.55395e-07 6.41547e-07 6.41547e-07 8.55395e-07 4.27698e-07 1.06924e-06 8.55395e-07
8.55395e-07 8.55395e-07 8.55395e-07 1.06924e-06 2.13849e-06 8.55395e-07 8.55395e-07 1.06924e-06 1.49694e-06 1.71079e-06
1.06924e-06 1.06924e-06 1.06924e-06 8.55395e-07 1.06924e-06 1.28309e-06 6.41547e-07 8.55395e-07 1.06924e-06 2.13849e-06
1.28309e-06 1.28309e-06 4.27698e-07 1.71079e-06 2.13849e-07 1.06924e-06 4.27698e-07 4.27698e-07 6.41547e-07 1.28309e-06
1.71079e-06 6.41547e-07 6.41547e-07 1.49694e-06 8.55395e-07 8.55395e-07 0.00000e+00 2.13849e-07 1.28309e-06 1.49694e-06
8.55395e-07 6.41547e-07 1.06924e-06 2.13849e-07 6.41547e-07 2.13849e-07 8.55395e-07 1.49694e-06 1.28309e-06 8.55395e-07
2.35234e-06 1.06924e-06 1.06924e-06 1.06924e-06 1.49694e-06 1.49694e-06 1.71079e-06 2.56619e-06 1.28309e-06 2.35234e-06
3.42158e-06 1.06924e-06 1.92464e-06 1.49694e-06 1.06924e-06 8.55395e-07 4.27698e-07 1.71079e-06 1.06924e-06 1.71079e-06
2.35234e-06 1.49694e-06 1.06924e-06 1.06924e-06 4.27698e-07 0.00000e+00 2.13849e-07 6.41547e-07 1.71079e-06 1.06924e-06
1.28309e-06 1.06924e-06 8.55395e-07 1.06924e-06 2.35234e-06 6.41547e-07 8.55395e-07 6.41547e-07 8.55395e-07 1.06924e-06
1.28309e-06 1.28309e-06 1.06924e-06 8.55395e-07 8.55395e-07 2.13849e-07 1.06924e-06 8.55395e-07 4.27698e-07 1.49694e-06
1.49694e-06 1.28309e-06 6.41547e-07 6.41547e-07 6.41547e-07 6.41547e-07 4.27698e-07 4.27698e-07 8.55395e-07 6.41547e-07
1.06924e-06 1.28309e-06 1.28309e-06 6.41547e-07 6.41547e-07 1.06924e-06 4.27698e-07 6.41547e-07 1.06924e-06 2.35234e-06
1.49694e-06 1.49694e-06 6.41547e-07 6.41547e-07 6.41547e-07 8.55395e-07 1.28309e-06 4.27698e-07 6.41547e-07 2.35234e-06
1.49694e-06 1.49694e-06 1.71079e-06 1.28309e-06 1.92464e-06 2.13849e-06 1.92464e-06 1.06924e-06 1.71079e-06 2.99388e-06
1.71079e-06 1.71079e-06 1.28309e-06 1.71079e-06 8.55395e-07 8.55395e-07 1.06924e-06 8.55395e-07 8.55395e-07 2.35234e-06
8.55395e-07 2.13849e-07 4.27698e-07 8.55395e-07 4.27698e-07 8.55395e-07 6.41547e-07 4.27698e-07 8.55395e-07 1.92464e-06
6.41547e-07 8.55395e-07 6.41547e-07 1.06924e-06 6.41547e-07 8.55395e-07 1.06924e-06 2.13849e-07 1.06924e-06 2.35234e-06
6.41547e-07 8.55395e-07 6.41547e-07 8.55395e-07 8.55395e-07 4.27698e-07 1.28309e-06 6.41547e-07 1.06924e-06 2.13849e-06
1.49694e-06 1.49694e-06 8.55395e-07 6.41547e-07 1.49694e-06 1.06924e-06 1.28309e-06 1.92464e-06 1.28309e-06 8.55395e-07
1.06924e-06 8.55395e-07 1.06924e-06 8.55395e-07 1.28309e-06 8.55395e-07 6.41547e-07 1.06924e-06 1.06924e-06 1.71079e-06
2.13849e-06 4.27698e-07 4.27698e-07 6.41547e-07 1.49694e-06 1.49694e-06 8.55395e-07 2.13849e-07 8.55395e-07 1.49694e-06
1.06924e-06 2.13849e-07 8.55395e-07 6.41547e-07 1.71079e-06 1.49694e-06 2.13849e-06 1.06924e-06 8.55395e-07 2.13849e-06
1.92464e-06 1.06924e-06 8.55395e-07 2.13849e-07 1.71079e-06 1.06924e-06 1.06924e-06 4.27698e-07 1.71079e-06 1.06924e-06
1.92464e-06 6.41547e-07 1.06924e-06 1.06924e-06 1.06924e-06 1.06924e-06 1.28309e-06 1.49694e-06 6.41547e-07 1.28309e-06
2.13849e-06 1.28309e-06 1.28309e-06 1.49694e-06 8.55395e-07 1.49694e-06 1.49694e-06 8.55395e-07 1.92464e-06 1.71079e-06
1.06924e-06 6.41547e-07 1.71079e-06 8.55395e-07 2.35234e-06 1.06924e-06 1.71079e-06 1.28309e-06 1.28309e-06 2.13849e-06
1.92464e-06 1.06924e-06 1.49694e-06 6.41547e-07 8.55395e-07 6.41547e-07 6.41547e-07 1.49694e-06 1.49694e-06 1.28309e-06
2.35234e-06 1.49694e-06 1.06924e-06 2.35234e-06 1.49694e-06 0.00000e+00 8.55395e-07 1.49694e-06 1.06924e-06 1.49694e-06
1.71079e-06 1.06924e-06 4.27698e-07 8.55395e-07 1.06924e-06 8.55395e-07 6.41547e-07 8.55395e-07 6.41547e-07 1.92464e-06
2.35234e-06 1.92464e-06 8.55395e-07 1.06924e-06 1.71079e-06 1.49694e-06 1.92464e-06 4.27698e-07 1.28309e-06 2.13849e-06
1.28309e-06 6.41547e-07 1.71079e-06 6.41547e-07 6.41547e-07 1.06924e-06 1.92464e-06 1.92464e-06 1.28309e-06 2.56619e-06
8.55395e-07 1.28309e-06 1.06924e-06 8.55395e-07 6.41547e-07 4.27698e-07 1.28309e-06 1.06924e-06 2.13849e-07 1.71079e-06
1.71079e-06 1.49694e-06 6.41547e-07 1.06924e-06 8.55395e-07 8.55395e-07 8.55395e-07 8.55395e-07 6.41547e-07 1.71079e-06
1.06924e-06 1.06924e-06 6.41547e-07 8.55395e-07 2.13849e-07 1.28309e-06 1.06924e-06 6.41547e-07 1.49694e-06 1.92464e-06
1.06924e-06 1.49694e-06 6.41547e-07 4.27698e-07 4.27698e-07 1.06924e-06 4.27698e-07 6.41547e-07 1.49694e-06 1.06924e-06
1.71079e-06 1.92464e-06 1.28309e-06 2.13849e-07 2.13849e-07 2.13849e-07 2.13849e-07 4.27698e-07 8.55395e-07 1.28309e-06
8.55395e-07 6.41547e-07 6.41547e-07 8.55395e-07 2.13849e-07 2.13849e-07 6.41547e-07 6.41547e-07 6.41547e-07 1.06924e-06
2.13849e-06 1.28309e-06 8.55395e-07 1.49694e-06 1.49694e-06 1.49694e-06 1.06924e-06 1.49694e-06 1.28309e-06 1.49694e-06
2.13849e-06 1.71079e-06 6.41547e-07 1.06924e-06 1.06924e-06 1.28309e-06 1.06924e-06 1.49694e-06 1.28309e-06 1.92464e-06
1.49694e-06 4.27698e-07 4.27698e-07 6.41547e-07 1.28309e-06 8.55395e-07 0.00000e+00 2.13849e-07 1.06924e-06 1.06924e-06
1.71079e-06 6.41547e-07 1.28309e-06 1.28309e-06 1.28309e-06 2.13849e-07 6.41547e-07 8.55395e-07 1.06924e-06 2.35234e-06
1.92464e-06 8.55395e-07 4.27698e-07 6.41547e-07 2.13849e-07 0.00000e+00 4.27698e-07 4.27698e-07 1.28309e-06 1.92464e-06
1.92464e-06 6.41547e-07 4.27698e-07 0.00000e+00 2.13849e-07 1.06924e-06 1.28309e-06 1.06924e-06 6.41547e-07 1.28309e-06
1.71079e-06 1.06924e-06 6.41547e-07 8.55395e-07 1.28309e-06 1.28309e-06 4.27698e-07 8.55395e-07 8.55395e-07 2.13849e-06
8.55395e-07 6.41547e-07 1.06924e-06 1.06924e-06 1.28309e-06 6.41547e-07 4.27698e-07 6.41547e-07 6.41547e-07 1.71079e-06
2.99388e-06 1.49694e-06 2.13849e-06 1.49694e-06 8.55395e-07 1.28309e-06 6.41547e-07 1.92464e-06 2.13849e-06 1.92464e-06
1.71079e-06 1.92464e-06 2.13849e-06 1.28309e-06 4.27698e-07 1.92464e-06 6.41547e-07 1.28309e-06 2.35234e-06 2.13849e-06
1.28309e-06 6.41547e-07 1.06924e-06 4.27698e-07 6.41547e-07 1.49694e-06 8.55395e-07 4.27698e-07 6.41547e-07 8.55395e-07
2.78004e-06 1.49694e-06 1.06924e-06 1.06924e-06 1.06924e-06 6.41547e-07 1.71079e-06 1.49694e-06 1.06924e-06 1.71079e-06
2.35234e-06 1.49694e-06 4.27698e-07 1.28309e-06 1.49694e-06 1.49694e-06 1.28309e-06 2.13849e-06 1.28309e-06 2.78004e-06
1.49694e-06 1.71079e-06 1.06924e-06 8.55395e-07 1.06924e-06 1.49694e-06 6.41547e-07 1.49694e-06 1.92464e-06 1.71079e-06
2.13849e-06 1.06924e-06 1.92464e-06 4.27698e-07 1.71079e-06 1.06924e-06 8.55395e-07 6.41547e-07 1.06924e-06 1.49694e-06
1.06924e-06 8.55395e-07 1.06924e-06 2.13849e-07 4.27698e-07 8.55395e-07 8.55395e-07 2.13849e-07 8.55395e-07 1.49694e-06
3.63543e-06 1.28309e-06 1.92464e-06 1.28309e-06 8.55395e-07 1.28309e-06 4.27698e-07 2.13849e-06 1.71079e-06 2.13849e-06
2.78004e-06 1.06924e-06 1.28309e-06 6.41547e-07 2.13849e-06 1.49694e-06 1.28309e-06 1.06924e-06 1.06924e-06 1.71079e-06
1.28309e-06 2.13849e-07 6.41547e-07 4.27698e-07 2.13849e-07 2.13849e-07 4.27698e-07 6.41547e-07 8.55395e-07 1.06924e-06
1.92464e-06 6.41547e-07 1.28309e-06 8.55395e-07 8.55395e-07 4.27698e-07 6.41547e-07 8.55395e-07 2.13849e-07 1.71079e-06
1.92464e-06 1.06924e-06 1.28309e-06 4.27698e-07 1.28309e-06 1.28309e-06 6.41547e-07 4.27698e-07 4.27698e-07 1.71079e-06
1.92464e-06 6.41547e-07 6.41547e-07 4.27698e-07 4.27698e-07 1.49694e-06 6.41547e-07 1.06924e-06 1.06924e-06 8.55395e-07
1.92464e-06 6.41547e-07 2.13849e-07 0.00000e+00 1.49694e-06 4.27698e-07 4.27698e-07 8.55395e-07 4.27698e-07 1.71079e-06
1.49694e-06 2.13849e-07 0.00000e+00 6.41547e-07 6.41547e-07 4.27698e-07 0.00000e+00 6.41547e-07 8.55395e-07 1.28309e-06
2.13849e-06 1.92464e-06 8.55395e-07 1.49694e-06 1.71079e-06 1.28309e-06 1.06924e-06 8.55395e-07 1.06924e-06 8.55395e-07
2.78004e-06 2.35234e-06 1.49694e-06 1.71079e-06 1.71079e-06 1.49694e-06 1.49694e-06 1.06924e-06 2.13849e-06 2.13849e-06
2.78004e-06 1.28309e-06 1.28309e-06 6.41547e-07 1.28309e-06 6.41547e-07 8.55395e-07 8.55395e-07 8.55395e-07 2.13849e-06
1.06924e-06 1.71079e-06 1.71079e-06 1.71079e-06 1.06924e-06 1.28309e-06 1.71079e-06 1.28309e-06 1.28309e-06 8.55395e-07
4.27698e-07 1.71079e-06 1.28309e-06 1.06924e-06 1.06924e-06 1.28309e-06 4.27698e-07 6.41547e-07 1.28309e-06 1.49694e-06
1.06924e-06 2.13849e-07 8.55395e-07 1.28309e-06 1.06924e-06 8.55395e-07 8.55395e-07 1.06924e-06 8.55395e-07 1.06924e-06
4.27698e-07 1.06924e-06 1.06924e-06 1.06924e-06 1.92464e-06 2.13849e-07 1.71079e-06 8.55395e-07 4.27698e-07 1.92464e-06
2.13849e-07 1.06924e-06 6.41547e-07 2.13849e-07 2.13849e-07 2.13849e-07 4.27698e-07 1.06924e-06 1.06924e-06 1.06924e-06
1.28309e-06 2.13849e-07 4.27698e-07 2.13849e-07 1.06924e-06 1.06924e-06 1.28309e-06 8.55395e-07 1.92464e-06 1.28309e-06
1.28309e-06 6.41547e-07 1.06924e-06 8.55395e-07 1.92464e-06 1.28309e-06 1.06924e-06 1.06924e-06 1.92464e-06 2.56619e-06
6.41547e-07 1.06924e-06 1.49694e-06 6.41547e-07 6.41547e-07 2.13849e-07 0.00000e+00 6.41547e-07 8.55395e-07 2.35234e-06
1.49694e-06 1.49694e-06 1.06924e-06 1.06924e-06 1.06924e-06 0.00000e+00 4.27698e-07 1.49694e-06 8.55395e-07 2.99388e-06
1.92464e-06 8.55395e-07 4.27698e-07 1.28309e-06 1.06924e-06 8.55395e-07 6.41547e-07 6.41547e-07 1.06924e-06 2.56619e-06
1.49694e-06 2.13849e-07 8.55395e-07 6.41547e-07 8.55395e-07 1.28309e-06 1.06924e-06 4.27698e-07 1.28309e-06 1.71079e-06
2.13849e-06 2.13849e-07 6.41547e-07 6.41547e-07 8.55395e-07 4.27698e-07 6.41547e-07 6.41547e-07 2.13849e-07 1.71079e-06
6.41547e-07 2.13849e-07 0.00000e+00 6.41547e-07 2.13849e-07 4.27698e-07 4.27698e-07 6.41547e-07 1.28309e-06 1.28309e-06
1.71079e-06 1.06924e-06 8.55395e-07 1.71079e-06 4.27698e-07 2.13849e-07 4.27698e-07 1.71079e-06 1.49694e-06 1.92464e-06
2.13849e-06 2.13849e-06 1.06924e-06 6.41547e-07 8.55395e-07 6.41547e-07 1.49694e-06 1.71079e-06 1.06924e-06 1.71079e-06
8.55395e-07 1.92464e-06 1.06924e-06 8.55395e-07 6.41547e-07 6.41547e-07 4.27698e-07 1.28309e-06 1.28309e-06 1.28309e-06
1.49694e-06 1.71079e-06 1.28309e-06 1.28309e-06 4.27698e-07 8.55395e-07 1.06924e-06 2.13849e-07 1.06924e-06 1.49694e-06
1.06924e-06 1.28309e-06 4.27698e-07 1.06924e-06 1.71079e-06 1.06924e-06 8.55395e-07 1.06924e-06 1.06924e-06 1.49694e-06
1.71079e-06 8.55395e-07 8.55395e-07 1.06924e-06 1.71079e-06 8.55395e-07 8.55395e-07 1.71079e-06 1.49694e-06 2.99388e-06
1.49694e-06 1.49694e-06 2.13849e-06 1.28309e-06 1.06924e-06 1.28309e-06 1.06924e-06 1.28309e-06 1.71079e-06 2.13849e-06
1.28309e-06 1.28309e-06 1.49694e-06 6.41547e-07 2.13849e-07 0.00000e+00 1.49694e-06 1.49694e-06 1.28309e-06 1.49694e-06
1.92464e-06 1.92464e-06 1.71079e-06 8.55395e-07 8.55395e-07 6.41547e-07 1.49694e-06 1.49694e-06 1.71079e-06 2.99388e-06
1.71079e-06 1.71079e-06 2.13849e-06 8.55395e-07 1.06924e-06 2.13849e-06 2.13849e-06 8.55395e-07 1.92464e-06 2.13849e-06
8.55395e-07 6.41547e-07 1.28309e-06 0.00000e+00 8.55395e-07 1.06924e-06 1.28309e-06 6.41547e-07 8.55395e-07 1.49694e-06
1.49694e-06 8.55395e-07 1.06924e-06 0.00000e+00 4.27698e-07 1.06924e-06 2.13849e-06 1.28309e-06 8.55395e-07 1.92464e-06
6.41547e-07 8.55395e-07 8.55395e-07 8.55395e-07 4.27698e-07 4.27698e-07 8.55395e-07 2.13849e-07 1.49694e-06 1.28309e-06
1.28309e-06 8.55395e-07 1.06924e-06 2.13849e-07 6.41547e-07 1.28309e-06 4.27698e-07 1.06924e-06 1.28309e-06 1.49694e-06
8.55395e-07 4.27698e-07 6.41547e-07 1.06924e-06 1.28309e-06 8.55395e-07 4.27698e-07 1.06924e-06 6.41547e-07 4.27698e-07
1.49694e-06 1.28309e-06 1.06924e-06 8.55395e-07 6.41547e-07 2.13849e-07 8.55395e-07 8.55395e-07 6.41547e-07 4.27698e-07
3.20773e-06 2.35234e-06 6.41547e-07 8.55395e-07 1.06924e-06 2.13849e-07 1.28309e-06 2.35234e-06 2.78004e-06 1.28309e-06
2.99388e-06 1.49694e-06 1.06924e-06 4.27698e-07 4.27698e-07 1.49694e-06 1.28309e-06 1.06924e-06 2.35234e-06 1.28309e-06
1.49694e-06 6.41547e-07 6.41547e-07 6.41547e-07 6.41547e-07 4.27698e-07 6.41547e-07 4.27698e-07 1.71079e-06 1.06924e-06
2.13849e-06 1.06924e-06 8.55395e-07 2.13849e-07 6.41547e-07 8.55395e-07 2.13849e-07 4.27698e-07 4.27698e-07 1.28309e-06
1.06924e-06 1.49694e-06 1.92464e-06 8.55395e-07 6.41547e-07 6.41547e-07 6.41547e-07 2.13849e-07 6.41547e-07 1.28309e-06
1.28309e-06 6.41547e-07 4.27698e-07 6.41547e-07 6.41547e-07 1.06924e-06 8.55395e-07 6.41547e-07 8.55395e-07 8.55395e-07
1.06924e-06 2.13849e-07 2.13849e-07 6.41547e-07 6.41547e-07 6.41547e-07 6.41547e-07 1.06924e-06 1.28309e-06 1.28309e-06
2.35234e-06 6.41547e-07 4.27698e-07 4.27698e-07 6.41547e-07 6.41547e-07 8.55395e-07 4.27698e-07 1.06924e-06 1.49694e-06
2.99388e-06 1.49694e-06 6.41547e-07 1.28309e-06 1.28309e-06 1.71079e-06 1.06924e-06 1.49694e-06 1.71079e-06 2.78004e-06
2.99388e-06 2.13849e-06 4.27698e-07 8.55395e-07 6.41547e-07 1.06924e-06 1.28309e-06 1.28309e-06 6.41547e-07 1.71079e-06
6.41547e-07 6.41547e-07 2.13849e-07 4.27698e-07 4.27698e-07 4.27698e-07 6.41547e-07 2.13849e-07 6.41547e-07 2.13849e-06
1.92464e-06 1.06924e-06 1.28309e-06 1.49694e-06 1.28309e-06 6.41547e-07 4.27698e-07 4.27698e-07 6.41547e-07 1.49694e-06
1.92464e-06 1.92464e-06 1.49694e-06 1.06924e-06 0.00000e+00 4.27698e-07 1.28309e-06 8.55395e-07 1.06924e-06 1.28309e-06
1.92464e-06 1.92464e-06 4.27698e-07 4.27698e-07 4.27698e-07 1.49694e-06 1.06924e-06 8.55395e-07 8.55395e-07 2.13849e-06
1.92464e-06 1.28309e-06 8.55395e-07 4.27698e-07 6.41547e-07 8.55395e-07 8.55395e-07 1.28309e-06 6.41547e-07 2.99388e-06
6.41547e-07 1.49694e-06 8.55395e-07 2.13849e-07 4.27698e-07 4.27698e-07 8.55395e-07 6.41547e-07 6.41547e-07 1.49694e-06
1.28309e-06 2.35234e-06 1.06924e-06 6.41547e-07 2.13849e-07 6.41547e-07 1.06924e-06 1.49694e-06 1.06924e-06 3.20773e-06
2.56619e-06 1.71079e-06 1.49694e-06 1.71079e-06 1.71079e-06 1.92464e-06 1.49694e-06 1.49694e-06 1.06924e-06 3.84928e-06
1.49694e-06 8.55395e-07 6.41547e-07 1.71079e-06 8.55395e-07 4.27698e-07 4.27698e-07 2.13849e-07 1.06924e-06 1.28309e-06
2.99388e-06 1.71079e-06 2.13849e-06 8.55395e-07 8.55395e-07 1.28309e-06 6.41547e-07 8.55395e-07 1.06924e-06 1.49694e-06
1.71079e-06 8.55395e-07 8.55395e-07 6.41547e-07 8.55395e-07 1.49694e-06 1.28309e-06 8.55395e-07 8.55395e-07 2.13849e-06
2.99388e-06 2.13849e-06 6.41547e-07 1.06924e-06 6.41547e-07 4.27698e-07 1.49694e-06 6.41547e-07 1.71079e-06 1.71079e-06
1.49694e-06 1.06924e-06 1.71079e-06 4.27698e-07 6.41547e-07 6.41547e-07 4.27698e-07 1.49694e-06 6.41547e-07 1.92464e-06
1.06924e-06 6.41547e-07 1.06924e-06 8.55395e-07 4.27698e-07 1.28309e-06 1.71079e-06 1.49694e-06 1.28309e-06 8.55395e-07
2.13849e-06 1.92464e-06 1.28309e-06 2.35234e-06 6.41547e-07 1.92464e-06 1.06924e-06 1.49694e-06 1.28309e-06 1.49694e-06
2.35234e-06 1.49694e-06 1.28309e-06 1.28309e-06 1.28309e-06 1.92464e-06 1.28309e-06 1.28309e-06 1.28309e-06 1.71079e-06
8.55395e-07 1.71079e-06 1.06924e-06 8.55395e-07 6.41547e-07 1.06924e-06 8.55395e-07 1.49694e-06 1.06924e-06 8.55395e-07
1.92464e-06 1.28309e-06 1.28309e-06 1.49694e-06 1.49694e-06 1.28309e-06 2.13849e-07 4.27698e-07 6.41547e-07 1.06924e-06
2.13849e-06 1.71079e-06 6.41547e-07 8.55395e-07 8.55395e-07 8.55395e-07 1.06924e-06 4.27698e-07 1.28309e-06 1.49694e-06
2.13849e-06 1.06924e-06 8.55395e-07 6.41547e-07 1.06924e-06 6.41547e-07 1.92464e-06 2.13849e-07 2.13849e-06 1.49694e-06
1.92464e-06 8.55395e-07 1.06924e-06 1.28309e-06 1.71079e-06 8.55395e-07 6.41547e-07 1.06924e-06 1.06924e-06 1.71079e-06
1.92464e-06 2.13849e-07 8.55395e-07 6.41547e-07 1.28309e-06 1.06924e-06 6.41547e-07 8.55395e-07 4.27698e-07 1.49694e-06
8.55395e-07 1.28309e-06 4.27698e-07 2.99388e-06 1.71079e-06 2.13849e-06 1.06924e-06 1.92464e-06 8.55395e-07 1.92464e-06
2.13849e-06 1.28309e-06 8.55395e-07 1.28309e-06 1.92464e-06 1.92464e-06 1.92464e-06 1.06924e-06 1.28309e-06 1.71079e-06
6.41547e-07 4.27698e-07 4.27698e-07 4.27698e-07 2.13849e-07 1.06924e-06 1.06924e-06 1.49694e-06 8.55395e-07 1.06924e-06
1.28309e-06 6.41547e-07 8.55395e-07 8.55395e-07 8.55395e-07 8.55395e-07 4.27698e-07 1.28309e-06 1.28309e-06 1.06924e-06
2.35234e-06 1.49694e-06 1.06924e-06 1.06924e-06 6.41547e-07 1.06924e-06 2.13849e-07 8.55395e-07 1.49694e-06 2.13849e-06
6.41547e-07 1.28309e-06 8.55395e-07 1.28309e-06 6.41547e-07 1.28309e-06 8.55395e-07 6.41547e-07 1.71079e-06 1.06924e-06
1.28309e-06 2.13849e-07 2.13849e-07 1.92464e-06 8.55395e-07 1.06924e-06 1.28309e-06 8.55395e-07 1.06924e-06 6.41547e-07
1.06924e-06 1.06924e-06 1.06924e-06 8.55395e-07 1.06924e-06 6.41547e-07 4.27698e-07 2.13849e-07 6.41547e-07 8.55395e-07
2.78004e-06 8.55395e-07 1.28309e-06 1.28309e-06 1.06924e-06 1.28309e-06 1.92464e-06 8.55395e-07 1.28309e-06 2.13849e-06
3.84928e-06 2.13849e-07 4.27698e-07 1.49694e-06 1.49694e-06 1.49694e-06 1.28309e-06 1.92464e-06 2.56619e-06 3.42158e-06
1.71079e-06 4.27698e-07 0.00000e+00 0.00000e+00 8.55395e-07 1.49694e-06 8.55395e-07 1.06924e-06 1.28309e-06 1.92464e-06
1.49694e-06 1.28309e-06 1.28309e-06 6.41547e-07 1.28309e-06 1.06924e-06 1.28309e-06 8.55395e-07 1.28309e-06 1.92464e-06
8.55395e-07 1.49694e-06 4.27698e-07 1.06924e-06 1.06924e-06 1.28309e-06 8.55395e-07 6.41547e-07 6.41547e-07 2.35234e-06
3.20773e-06 3.84928e-06 2.13849e-06 1.92464e-06 1.92464e-06 2.35234e-06 4.27698e-07 1.28309e-06 1.49694e-06 1.71079e-06
