1.64499e-06 9.86995e-07 1.31599e-06 3.28998e-07 9.86995e-07 0.00000e+00 3.28998e-07 3.28998e-07 6.57996e-07 6.57996e-07 1.97399e-06 9.86995e-07 6.57996e-07 6.57996e-07 0.00000e+00 6.57996e-07 6.57996e-07 1.31599e-06 1.31599e-06 2.96098e-06
1.64499e-06 6.57996e-07 6.57996e-07 6.57996e-07 1.31599e-06 0.00000e+00 3.28998e-07 3.28998e-07 0.00000e+00 1.31599e-06 6.57996e-07 6.57996e-07 9.86995e-07 3.28998e-07 1.31599e-06 3.28998e-07 3.28998e-07 9.86995e-07 1.31599e-06 1.31599e-06
6.57996e-07 6.57996e-07 6.57996e-07 0.00000e+00 3.28998e-07 6.57996e-07 0.00000e+00 3.28998e-07 6.57996e-07 6.57996e-07 0.00000e+00 0.00000e+00 6.57996e-07 6.57996e-07 9.86995e-07 0.00000e+00 0.00000e+00 9.86995e-07 0.00000e+00 6.57996e-07
6.57996e-07 3.28998e-07 3.28998e-07 6.57996e-07 3.28998e-07 9.86995e-07 9.86995e-07 6.57996e-07 9.86995e-07 3.28998e-07 3.28998e-07 0.00000e+00 3.28998e-07 6.57996e-07 6.57996e-07 0.00000e+00 0.00000e+00 0.00000e+00 0.00000e+00 3.28998e-07
6.57996e-07 0.00000e+00 6.57996e-07 0.00000e+00 3.28998e-07 6.57996e-07 3.28998e-07 0.00000e+00 3.28998e-07 3.28998e-07 6.57996e-07 0.00000e+00 3.28998e-07 6.57996e-07 6.57996e-07 0.00000e+00 3.28998e-07 3.28998e-07 0.00000e+00 9.86995e-07
9.86995e-07 3.28998e-07 0.00000e+00 3.28998e-07 9.86995e-07 6.57996e-07 0.00000e+00 0.00000e+00 3.28998e-07 3.28998e-07 3.28998e-07 3.28998e-07 0.00000e+00 3.28998e-07 3.28998e-07 6.57996e-07 6.57996e-07 3.28998e-07 0.00000e+00 1.31599e-06
6.57996e-07 3.28998e-07 6.57996e-07 6.57996e-07 6.57996e-07 3.28998e-07 6.57996e-07 9.86995e-07 3.28998e-07 3.28998e-07 0.00000e+00 6.57996e-07 0.00000e+00 0.00000e+00 0.00000e+00 0.00000e+00 3.28998e-07 3.28998e-07 0.00000e+00 3.28998e-07
3.28998e-07 0.00000e+00 0.00000e+00 0.00000e+00 0.00000e+00 3.28998e-07 6.57996e-07 6.57996e-07 6.57996e-07 6.57996e-07 0.00000e+00 3.28998e-07 0.00000e+00 3.28998e-07 3.28998e-07 3.28998e-07 3.28998e-07 3.28998e-07 3.28998e-07 3.28998e-07
9.86995e-07 9.86995e-07 6.57996e-07 3.28998e-07 0.00000e+00 3.28998e-07 6.57996e-07 9.86995e-07 3.28998e-07 9.86995e-07 6.57996e-07 0.00000e+00 3.28998e-07 1.31599e-06 9.86995e-07 6.57996e-07 6.57996e-07 6.57996e-07 3.28998e-07 0.00000e+00
1.31599e-06 9.86995e-07 0.00000e+00 3.28998e-07 3.28998e-07 3.28998e-07 3.28998e-07 3.28998e-07 3.28998e-07 0.00000e+00 3.28998e-07 6.57996e-07 0.00000e+00 1.64499e-06 6.57996e-07 6.57996e-07 9.86995e-07 6.57996e-07 0.00000e+00 3.28998e-07
0.00000e+00 3.28998e-07 3.28998e-07 6.57996e-07 3.28998e-07 3.28998e-07 3.28998e-07 3.28998e-07 3.28998e-07 3.28998e-07 6.57996e-07 6.57996e-07 9.86995e-07 6.57996e-07 3.28998e-07 3.28998e-07 3.28998e-07 3.28998e-07 0.00000e+00 6.57996e-07
1.64499e-06 6.57996e-07 0.00000e+00 6.57996e-07 3.28998e-07 3.28998e-07 0.00000e+00 3.28998e-07 9.86995e-07 0.00000e+00 9.86995e-07 6.57996e-07 0.00000e+00 0.00000e+00 3.28998e-07 0.00000e+00 3.28998e-07 3.28998e-07 3.28998e-07 3.28998e-07
3.28998e-07 3.28998e-07 0.00000e+00 0.00000e+00 0.00000e+00 3.28998e-07 0.00000e+00 0.00000e+00 0.00000e+00 0.00000e+00 0.00000e+00 0.00000e+00 3.28998e-07 9.86995e-07 6.57996e-07 0.00000e+00 0.00000e+00 0.00000e+00 3.28998e-07 0.00000e+00
9.86995e-07 3.28998e-07 0.00000e+00 3.28998e-07 3.28998e-07 1.31599e-06 6.57996e-07 9.86995e-07 6.57996e-07 9.86995e-07 0.00000e+00 3.28998e-07 9.86995e-07 3.28998e-07 0.00000e+00 0.00000e+00 0.00000e+00 6.57996e-07 3.28998e-07 3.28998e-07
9.86995e-07 3.28998e-07 3.28998e-07 0.00000e+00 0.00000e+00 3.28998e-07 9.86995e-07 3.28998e-07 3.28998e-07 6.57996e-07 3.28998e-07 0.00000e+00 0.00000e+00 6.57996e-07 3.28998e-07 0.00000e+00 3.28998e-07 3.28998e-07 0.00000e+00 3.28998e-07
3.28998e-07 0.00000e+00 0.00000e+00 0.00000e+00 3.28998e-07 3.28998e-07 9.86995e-07 9.86995e-07 0.00000e+00 6.57996e-07 6.57996e-07 0.00000e+00 3.28998e-07 6.57996e-07 6.57996e-07 0.00000e+00 3.28998e-07 3.28998e-07 0.00000e+00 3.28998e-07
6.57996e-07 0.00000e+00 0.00000e+00 0.00000e+00 3.28998e-07 0.00000e+00 3.28998e-07 9.86995e-07 9.86995e-07 6.57996e-07 3.28998e-07 1.31599e-06 6.57996e-07 6.57996e-07 0.00000e+00 3.28998e-07 3.28998e-07 6.57996e-07 6.57996e-07 1.31599e-06
9.86995e-07 6.57996e-07 9.86995e-07 0.00000e+00 9.86995e-07 9.86995e-07 6.57996e-07 0.00000e+00 1.31599e-06 1.31599e-06 3.28998e-07 6.57996e-07 1.31599e-06 0.00000e+00 3.28998e-07 0.00000e+00 6.57996e-07 9.86995e-07 9.86995e-07 9.86995e-07
6.57996e-07 3.28998e-07 0.00000e+00 3.28998e-07 3.28998e-07 6.57996e-07 6.57996e-07 0.00000e+00 6.57996e-07 6.57996e-07 6.57996e-07 3.28998e-07 9.86995e-07 3.28998e-07 0.00000e+00 0.00000e+00 3.28998e-07 0.00000e+00 3.28998e-07 9.86995e-07
1.31599e-06 6.57996e-07 6.57996e-07 3.28998e-07 6.57996e-07 6.57996e-07 9.86995e-07 0.00000e+00 3.28998e-07 3.28998e-07 6.57996e-07 3.28998e-07 3.28998e-07 3.28998e-07 3.28998e-07 0.00000e+00 0.00000e+00 9.86995e-07 1.31599e-06 9.86995e-07
1.31599e-06 0.00000e+00 0.00000e+00 6.57996e-07 3.28998e-07 3.28998e-07 3.28998e-07 6.57996e-07 6.57996e-07 3.28998e-07 3.28998e-07 3.28998e-07 3.28998e-07 0.00000e+00 3.28998e-07 0.00000e+00 6.57996e-07 3.28998e-07 0.00000e+00 0.00000e+00
2.63199e-06 9.86995e-07 6.57996e-07 3.28998e-07 6.57996e-07 0.00000e+00 9.86995e-07 3.28998e-07 0.00000e+00 3.28998e-07 0.00000e+00 6.57996e-07 0.00000e+00 0.00000e+00 3.28998e-07 3.28998e-07 6.57996e-07 3.28998e-07 0.00000e+00 0.00000e+00
1.97399e-06 6.57996e-07 3.28998e-07 0.00000e+00 0.00000e+00 3.28998e-07 3.28998e-07 0.00000e+00 6.57996e-07 3.28998e-07 3.28998e-07 3.28998e-07 0.00000e+00 0.00000e+00 0.00000e+00 3.28998e-07 3.28998e-07 6.57996e-07 3.28998e-07 3.28998e-07
1.31599e-06 3.28998e-07 6.57996e-07 3.28998e-07 3.28998e-07 0.00000e+00 3.28998e-07 0.00000e+00 0.00000e+00 3.28998e-07 3.28998e-07 6.57996e-07 0.00000e+00 0.00000e+00 0.00000e+00 3.28998e-07 0.00000e+00 0.00000e+00 3.28998e-07 3.28998e-07
9.86995e-07 3.28998e-07 0.00000e+00 3.28998e-07 1.64499e-06 0.00000e+00 3.28998e-07 3.28998e-07 0.00000e+00 9.86995e-07 3.28998e-07 9.86995e-07 3.28998e-07 6.57996e-07 0.00000e+00 0.00000e+00 6.57996e-07 3.28998e-07 0.00000e+00 6.57996e-07
1.64499e-06 9.86995e-07 3.28998e-07 3.28998e-07 6.57996e-07 6.57996e-07 3.28998e-07 6.57996e-07 0.00000e+00 6.57996e-07 6.57996e-07 9.86995e-07 3.28998e-07 9.86995e-07 3.28998e-07 3.28998e-07 6.57996e-07 0.00000e+00 0.00000e+00 1.64499e-06
6.57996e-07 6.57996e-07 6.57996e-07 0.00000e+00 0.00000e+00 0.00000e+00 0.00000e+00 0.00000e+00 3.28998e-07 0.00000e+00 3.28998e-07 0.00000e+00 3.28998e-07 0.00000e+00 3.28998e-07 0.00000e+00 3.28998e-07 0.00000e+00 0.00000e+00 3.28998e-07
0.00000e+00 0.00000e+00 3.28998e-07 6.57996e-07 3.28998e-07 3.28998e-07 3.28998e-07 0.00000e+00 3.28998e-07 3.28998e-07 3.28998e-07 0.00000e+00 3.28998e-07 3.28998e-07 9.86995e-07 0.00000e+00 3.28998e-07 0.00000e+00 3.28998e-07 6.57996e-07
9.86995e-07 0.00000e+00 0.00000e+00 0.00000e+00 0.00000e+00 3.28998e-07 3.28998e-07 0.00000e+00 3.28998e-07 3.28998e-07 3.28998e-07 3.28998e-07 1.31599e-06 3.28998e-07 0.00000e+00 0.00000e+00 3.28998e-07 0.00000e+00 0.00000e+00 0.00000e+00
0.00000e+00 3.28998e-07 3.28998e-07 0.00000e+00 3.28998e-07 3.28998e-07 0.00000e+00 3.28998e-07 3.28998e-07 3.28998e-07 3.28998e-07 1.64499e-06 1.31599e-06 3.28998e-07 3.28998e-07 9.86995e-07 3.28998e-07 6.57996e-07 0.00000e+00 0.00000e+00
3.28998e-07 0.00000e+00 0.00000e+00 3.28998e-07 0.00000e+00 3.28998e-07 3.28998e-07 3.28998e-07 0.00000e+00 0.00000e+00 1.31599e-06 9.86995e-07 1.31599e-06 0.00000e+00 0.00000e+00 6.57996e-07 3.28998e-07 6.57996e-07 0.00000e+00 3.28998e-07
9.86995e-07 3.28998e-07 0.00000e+00 9.86995e-07 9.86995e-07 0.00000e+00 0.00000e+00 3.28998e-07 3.28998e-07 1.31599e-06 6.57996e-07 6.57996e-07 9.86995e-07 0.00000e+00 0.00000e+00 0.00000e+00 3.28998e-07 0.00000e+00 0.00000e+00 0.00000e+00
1.64499e-06 3.28998e-07 6.57996e-07 9.86995e-07 9.86995e-07 6.57996e-07 3.28998e-07 6.57996e-07 9.86995e-07 1.64499e-06 9.86995e-07 1.31599e-06 9.86995e-07 3.28998e-07 0.00000e+00 1.31599e-06 6.57996e-07 9.86995e-07 1.31599e-06 9.86995e-07
1.97399e-06 0.00000e+00 0.00000e+00 6.57996e-07 3.28998e-07 0.00000e+00 6.57996e-07 6.57996e-07 1.31599e-06 1.31599e-06 9.86995e-07 3.28998e-07 3.28998e-07 3.28998e-07 9.86995e-07 9.86995e-07 6.57996e-07 3.28998e-07 3.28998e-07 9.86995e-07
6.57996e-07 0.00000e+00 3.28998e-07 3.28998e-07 0.00000e+00 3.28998e-07 3.28998e-07 0.00000e+00 3.28998e-07 3.28998e-07 3.28998e-07 0.00000e+00 0.00000e+00 3.28998e-07 0.00000e+00 0.00000e+00 0.00000e+00 0.00000e+00 9.86995e-07 0.00000e+00
1.31599e-06 3.28998e-07 6.57996e-07 6.57996e-07 0.00000e+00 0.00000e+00 0.00000e+00 3.28998e-07 0.00000e+00 6.57996e-07 3.28998e-07 3.28998e-07 3.28998e-07 3.28998e-07 0.00000e+00 3.28998e-07 6.57996e-07 6.57996e-07 9.86995e-07 6.57996e-07
6.57996e-07 0.00000e+00 0.00000e+00 3.28998e-07 0.00000e+00 0.00000e+00 3.28998e-07 3.28998e-07 3.28998e-07 0.00000e+00 3.28998e-07 0.00000e+00 3.28998e-07 3.28998e-07 3.28998e-07 0.00000e+00 6.57996e-07 3.28998e-07 3.28998e-07 0.00000e+00
9.86995e-07 9.86995e-07 0.00000e+00 3.28998e-07 0.00000e+00 0.00000e+00 3.28998e-07 0.00000e+00 3.28998e-07 0.00000e+00 0.00000e+00 0.00000e+00 6.57996e-07 3.28998e-07 3.28998e-07 0.00000e+00 6.57996e-07 0.00000e+00 3.28998e-07 6.57996e-07
1.31599e-06 6.57996e-07 0.00000e+00 0.00000e+00 0.00000e+00 0.00000e+00 3.28998e-07 3.28998e-07 6.57996e-07 0.00000e+00 3.28998e-07 0.00000e+00 3.28998e-07 3.28998e-07 6.57996e-07 3.28998e-07 6.57996e-07 3.28998e-07 3.28998e-07 6.57996e-07
9.86995e-07 6.57996e-07 0.00000e+00 0.00000e+00 3.28998e-07 0.00000e+00 3.28998e-07 3.28998e-07 3.28998e-07 0.00000e+00 0.00000e+00 0.00000e+00 6.57996e-07 6.57996e-07 3.28998e-07 3.28998e-07 3.28998e-07 3.28998e-07 9.86995e-07 3.28998e-07
1.31599e-06 1.64499e-06 9.86995e-07 3.28998e-07 0.00000e+00 3.28998e-07 3.28998e-07 0.00000e+00 6.57996e-07 0.00000e+00 3.28998e-07 0.00000e+00 3.28998e-07 1.31599e-06 3.28998e-07 0.00000e+00 9.86995e-07 6.57996e-07 1.31599e-06 6.57996e-07
3.28998e-07 9.86995e-07 6.57996e-07 1.31599e-06 0.00000e+00 6.57996e-07 1.31599e-06 3.28998e-07 1.64499e-06 0.00000e+00 3.28998e-07 0.00000e+00 1.31599e-06 6.57996e-07 0.00000e+00 3.28998e-07 3.28998e-07 3.28998e-07 6.57996e-07 9.86995e-07
6.57996e-07 9.86995e-07 0.00000e+00 3.28998e-07 0.00000e+00 0.00000e+00 6.57996e-07 0.00000e+00 6.57996e-07 0.00000e+00 3.28998e-07 0.00000e+00 3.28998e-07 6.57996e-07 0.00000e+00 0.00000e+00 3.28998e-07 3.28998e-07 6.57996e-07 9.86995e-07
3.28998e-07 3.28998e-07 6.57996e-07 6.57996e-07 3.28998e-07 0.00000e+00 3.28998e-07 6.57996e-07 6.57996e-07 3.28998e-07 6.57996e-07 6.57996e-07 9.86995e-07 3.28998e-07 0.00000e+00 0.00000e+00 0.00000e+00 3.28998e-07 3.28998e-07 9.86995e-07
1.31599e-06 6.57996e-07 6.57996e-07 6.57996e-07 6.57996e-07 3.28998e-07 0.00000e+00 0.00000e+00 0.00000e+00 0.00000e+00 3.28998e-07 6.57996e-07 9.86995e-07 6.57996e-07 0.00000e+00 0.00000e+00 0.00000e+00 9.86995e-07 1.31599e-06 3.28998e-07
6.57996e-07 1.64499e-06 0.00000e+00 0.00000e+00 6.57996e-07 3.28998e-07 0.00000e+00 3.28998e-07 6.57996e-07 6.57996e-07 6.57996e-07 3.28998e-07 0.00000e+00 3.28998e-07 0.00000e+00 3.28998e-07 3.28998e-07 6.57996e-07 3.28998e-07 3.28998e-07
0.00000e+00 0.00000e+00 6.57996e-07 0.00000e+00 3.28998e-07 3.28998e-07 3.28998e-07 3.28998e-07 3.28998e-07 6.57996e-07 3.28998e-07 0.00000e+00 0.00000e+00 3.28998e-07 0.00000e+00 3.28998e-07 3.28998e-07 3.28998e-07 3.28998e-07 9.86995e-07
6.57996e-07 3.28998e-07 3.28998e-07 3.28998e-07 3.28998e-07 0.00000e+00 0.00000e+00 0.00000e+00 0.00000e+00 0.00000e+00 3.28998e-07 3.28998e-07 0.00000e+00 0.00000e+00 3.28998e-07 0.00000e+00 0.00000e+00 3.28998e-07 9.86995e-07 3.28998e-07
6.57996e-07 9.86995e-07 9.86995e-07 3.28998e-07 9.86995e-07 6.57996e-07 3.28998e-07 3.28998e-07 0.00000e+00 0.00000e+00 0.00000e+00 6.57996e-07 0.00000e+00 0.00000e+00 6.57996e-07 9.86995e-07 0.00000e+00 3.28998e-07 9.86995e-07 9.86995e-07
1.31599e-06 9.86995e-07 3.28998e-07 9.86995e-07 0.00000e+00 0.00000e+00 3.28998e-07 0.00000e+00 0.00000e+00 0.00000e+00 0.00000e+00 6.57996e-07 0.00000e+00 3.28998e-07 3.28998e-07 6.57996e-07 0.00000e+00 0.00000e+00 0.00000e+00 3.28998e-07
0.00000e+00 3.28998e-07 0.00000e+00 3.28998e-07 0.00000e+00 3.28998e-07 3.28998e-07 0.00000e+00 0.00000e+00 0.00000e+00 0.00000e+00 3.28998e-07 3.28998e-07 0.00000e+00 3.28998e-07 0.00000e+00 0.00000e+00 3.28998e-07 3.28998e-07 0.00000e+00
3.28998e-07 0.00000e+00 0.00000e+00 0.00000e+00 9.86995e-07 3.28998e-07 6.57996e-07 0.00000e+00 0.00000e+00 0.00000e+00 0.00000e+00 0.00000e+00 0.00000e+00 3.28998e-07 3.28998e-07 3.28998e-07 0.00000e+00 3.28998e-07 9.86995e-07 9.86995e-07
3.28998e-07 0.00000e+00 3.28998e-07 0.00000e+00 9.86995e-07 3.28998e-07 3.28998e-07 6.57996e-07 0.00000e+00 6.57996e-07 0.00000e+00 0.00000e+00 0.00000e+00 0.00000e+00 0.00000e+00 3.28998e-07 0.00000e+00 3.28998e-07 0.00000e+00 3.28998e-07
9.86995e-07 6.57996e-07 6.57996e-07 3.28998e-07 3.28998e-07 0.00000e+00 6.57996e-07 3.28998e-07 0.00000e+00 9.86995e-07 3.28998e-07 0.00000e+00 0.00000e+00 0.00000e+00 0.00000e+00 3.28998e-07 0.00000e+00 0.00000e+00 6.57996e-07 1.31599e-06
9.86995e-07 9.86995e-07 6.57996e-07 0.00000e+00 3.28998e-07 0.00000e+00 6.57996e-07 0.00000e+00 0.00000e+00 9.86995e-07 0.00000e+00 0.00000e+00 0.00000e+00 0.00000e+00 0.00000e+00 3.28998e-07 6.57996e-07 0.00000e+00 0.00000e+00 6.57996e-07
9.86995e-07 3.28998e-07 0.00000e+00 0.00000e+00 6.57996e-07 0.00000e+00 0.00000e+00 0.00000e+00 3.28998e-07 3.28998e-07 0.00000e+00 0.00000e+00 0.00000e+00 0.00000e+00 3.28998e-07 6.57996e-07 9.86995e-07 6.57996e-07 3.28998e-07 3.28998e-07
6.57996e-07 0.00000e+00 3.28998e-07 0.00000e+00 6.57996e-07 0.00000e+00 6.57996e-07 6.57996e-07 1.31599e-06 3.28998e-07 0.00000e+00 0.00000e+00 0.00000e+00 0.00000e+00 3.28998e-07 9.86995e-07 3.28998e-07 3.28998e-07 3.28998e-07 6.57996e-07
9.86995e-07 3.28998e-07 3.28998e-07 6.57996e-07 6.57996e-07 3.28998e-07 3.28998e-07 3.28998e-07 3.28998e-07 3.28998e-07 3.28998e-07 3.28998e-07 0.00000e+00 0.00000e+00 0.00000e+00 0.00000e+00 3.28998e-07 6.57996e-07 3.28998e-07 1.31599e-06
0.00000e+00 3.28998e-07 0.00000e+00 3.28998e-07 0.00000e+00 3.28998e-07 0.00000e+00 0.00000e+00 3.28998e-07 3.28998e-07 3.28998e-07 3.28998e-07 0.00000e+00 0.00000e+00 0.00000e+00 0.00000e+00 3.28998e-07 0.00000e+00 3.28998e-07 6.57996e-07
1.31599e-06 0.00000e+00 0.00000e+00 0.00000e+00 3.28998e-07 0.00000e+00 0.00000e+00 3.28998e-07 3.28998e-07 0.00000e+00 6.57996e-07 3.28998e-07 0.00000e+00 3.28998e-07 0.00000e+00 6.57996e-07 3.28998e-07 3.28998e-07 3.28998e-07 6.57996e-07
1.64499e-06 3.28998e-07 0.00000e+00 0.00000e+00 3.28998e-07 0.00000e+00 0.00000e+00 3.28998e-07 0.00000e+00 0.00000e+00 3.28998e-07 0.00000e+00 0.00000e+00 0.00000e+00 3.28998e-07 0.00000e+00 3.28998e-07 0.00000e+00 3.28998e-07 3.28998e-07
2.30299e-06 3.28998e-07 0.00000e+00 9.86995e-07 0.00000e+00 0.00000e+00 0.00000e+00 0.00000e+00 0.00000e+00 6.57996e-07 6.57996e-07 3.28998e-07 6.57996e-07 9.86995e-07 0.00000e+00 3.28998e-07 6.57996e-07 0.00000e+00 6.57996e-07 6.57996e-07
1.31599e-06 9.86995e-07 6.57996e-07 3.28998e-07 3.28998e-07 3.28998e-07 3.28998e-07 3.28998e-07 0.00000e+00 3.28998e-07 3.28998e-07 0.00000e+00 9.86995e-07 9.86995e-07 3.28998e-07 0.00000e+00 9.86995e-07 0.00000e+00 3.28998e-07 6.57996e-07
6.57996e-07 0.00000e+00 3.28998e-07 0.00000e+00 0.00000e+00 0.00000e+00 0.00000e+00 3.28998e-07 3.28998e-07 6.57996e-07 0.00000e+00 3.28998e-07 6.57996e-07 0.00000e+00 0.00000e+00 0.00000e+00 3.28998e-07 0.00000e+00 0.00000e+00 6.57996e-07
1.31599e-06 6.57996e-07 3.28998e-07 3.28998e-07 3.28998e-07 3.28998e-07 3.28998e-07 3.28998e-07 0.00000e+00 6.57996e-07 0.00000e+00 3.28998e-07 0.00000e+00 3.28998e-07 0.00000e+00 3.28998e-07 3.28998e-07 3.28998e-07 0.00000e+00 1.31599e-06
3.28998e-07 9.86995e-07 1.31599e-06 9.86995e-07 6.57996e-07 3.28998e-07 3.28998e-07 3.28998e-07 3.28998e-07 6.57996e-07 3.28998e-07 6.57996e-07 0.00000e+00 0.00000e+00 6.57996e-07 1.31599e-06 6.57996e-07 9.86995e-07 6.57996e-07 1.31599e-06
9.86995e-07 3.28998e-07 3.28998e-07 0.00000e+00 3.28998e-07 6.57996e-07 3.28998e-07 0.00000e+00 3.28998e-07 3.28998e-07 3.28998e-07 3.28998e-07 0.00000e+00 0.00000e+00 3.28998e-07 6.57996e-07 0.00000e+00 3.28998e-07 6.57996e-07 3.28998e-07
6.57996e-07 0.00000e+00 0.00000e+00 6.57996e-07 0.00000e+00 3.28998e-07 3.28998e-07 3.28998e-07 3.28998e-07 3.28998e-07 0.00000e+00 6.57996e-07 3.28998e-07 3.28998e-07 0.00000e+00 3.28998e-07 0.00000e+00 3.28998e-07 3.28998e-07 3.28998e-07
6.57996e-07 0.00000e+00 6.57996e-07 0.00000e+00 3.28998e-07 0.00000e+00 0.00000e+00 6.57996e-07 3.28998e-07 3.28998e-07 3.28998e-07 6.57996e-07 3.28998e-07 0.00000e+00 0.00000e+00 0.00000e+00 3.28998e-07 3.28998e-07 3.28998e-07 0.00000e+00
3.28998e-07 0.00000e+00 0.00000e+00 0.00000e+00 3.28998e-07 0.00000e+00 0.00000e+00 0.00000e+00 0.00000e+00 0.00000e+00 6.57996e-07 0.00000e+00 6.57996e-07 0.00000e+00 3.28998e-07 6.57996e-07 6.57996e-07 0.00000e+00 6.57996e-07 6.57996e-07
3.28998e-07 0.00000e+00 0.00000e+00 0.00000e+00 0.00000e+00 0.00000e+00 3.28998e-07 0.00000e+00 0.00000e+00 6.57996e-07 3.28998e-07 3.28998e-07 3.28998e-07 9.86995e-07 3.28998e-07 0.00000e+00 6.57996e-07 6.57996e-07 9.86995e-07 9.86995e-07
6.57996e-07 6.57996e-07 3.28998e-07 0.00000e+00 3.28998e-07 0.00000e+00 3.28998e-07 0.00000e+00 0.00000e+00 6.57996e-07 3.28998e-07 0.00000e+00 0.00000e+00 0.00000e+00 0.00000e+00 0.00000e+00 9.86995e-07 3.28998e-07 9.86995e-07 9.86995e-07
1.97399e-06 6.57996e-07 3.28998e-07 9.86995e-07 3.28998e-07 3.28998e-07 3.28998e-07 0.00000e+00 6.57996e-07 6.57996e-07 9.86995e-07 3.28998e-07 6.57996e-07 9.86995e-07 3.28998e-07 6.57996e-07 9.86995e-07 9.86995e-07 1.64499e-06 1.64499e-06
1.31599e-06 1.31599e-06 9.86995e-07 6.57996e-07 3.28998e-07 0.00000e+00 0.00000e+00 3.28998e-07 6.57996e-07 9.86995e-07 9.86995e-07 3.28998e-07 3.28998e-07 6.57996e-07 6.57996e-07 6.57996e-07 6.57996e-07 6.57996e-07 3.28998e-07 1.97399e-06
6.57996e-07 3.28998e-07 6.57996e-07 9.86995e-07 3.28998e-07 0.00000e+00 3.28998e-07 3.28998e-07 0.00000e+00 3.28998e-07 0.00000e+00 3.28998e-07 6.57996e-07 0.00000e+00 3.28998e-07 6.57996e-07 6.57996e-07 3.28998e-07 6.57996e-07 3.28998e-07
0.00000e+00 6.57996e-07 6.57996e-07 9.86995e-07 0.00000e+00 0.00000e+00 0.00000e+00 0.00000e+00 0.00000e+00 0.00000e+00 3.28998e-07 6.57996e-07 6.57996e-07 0.00000e+00 0.00000e+00 3.28998e-07 0.00000e+00 0.00000e+00 3.28998e-07 0.00000e+00
3.28998e-07 0.00000e+00 0.00000e+00 0.00000e+00 6.57996e-07 6.57996e-07 3.28998e-07 3.28998e-07 0.00000e+00 6.57996e-07 9.86995e-07 6.57996e-07 0.00000e+00 0.00000e+00 3.28998e-07 0.00000e+00 0.00000e+00 3.28998e-07 9.86995e-07 3.28998e-07
1.64499e-06 0.00000e+00 6.57996e-07 0.00000e+00 0.00000e+00 6.57996e-07 0.00000e+00 3.28998e-07 6.57996e-07 6.57996e-07 0.00000e+00 0.00000e+00 0.00000e+00 0.00000e+00 0.00000e+00 3.28998e-07 6.57996e-07 3.28998e-07 3.28998e-07 6.57996e-07
9.86995e-07 6.57996e-07 6.57996e-07 6.57996e-07 0.00000e+00 0.00000e+00 6.57996e-07 6.57996e-07 0.00000e+00 6.57996e-07 3.28998e-07 3.28998e-07 6.57996e-07 3.28998e-07 0.00000e+00 0.00000e+00 3.28998e-07 6.57996e-07 3.28998e-07 6.57996e-07
3.28998e-07 3.28998e-07 0.00000e+00 0.00000e+00 0.00000e+00 6.57996e-07 3.28998e-07 3.28998e-07 3.28998e-07 3.28998e-07 0.00000e+00 3.28998e-07 0.00000e+00 9.86995e-07 3.28998e-07 0.00000e+00 0.00000e+00 0.00000e+00 3.28998e-07 1.31599e-06
9.86995e-07 9.86995e-07 3.28998e-07 6.57996e-07 9.86995e-07 9.86995e-07 6.57996e-07 6.57996e-07 9.86995e-07 6.57996e-07 3.28998e-07 6.57996e-07 3.28998e-07 6.57996e-07 3.28998e-07 6.57996e-07 3.28998e-07 3.28998e-07 9.86995e-07 1.64499e-06
1.64499e-06 9.86995e-07 9.86995e-07 6.57996e-07 6.57996e-07 6.57996e-07 0.00000e+00 6.57996e-07 9.86995e-07 6.57996e-07 9.86995e-07 9.86995e-07 6.57996e-07 3.28998e-07 1.31599e-06 1.64499e-06 6.57996e-07 0.00000e+00 3.28998e-07 1.31599e-06
1.31599e-06 3.28998e-07 3.28998e-07 3.28998e-07 3.28998e-07 9.86995e-07 0.00000e+00 0.00000e+00 0.00000e+00 0.00000e+00 0.00000e+00 3.28998e-07 3.28998e-07 0.00000e+00 9.86995e-07 9.86995e-07 3.28998e-07 6.57996e-07 0.00000e+00 6.57996e-07
9.86995e-07 0.00000e+00 3.28998e-07 6.57996e-07 3.28998e-07 3.28998e-07 6.57996e-07 0.00000e+00 6.57996e-07 0.00000e+00 0.00000e+00 0.00000e+00 0.00000e+00 3.28998e-07 3.28998e-07 3.28998e-07 3.28998e-07 3.28998e-07 6.57996e-07 3.28998e-07
6.57996e-07 0.00000e+00 0.00000e+00 0.00000e+00 0.00000e+00 0.00000e+00 3.28998e-07 0.00000e+00 3.28998e-07 3.28998e-07 9.86995e-07 0.00000e+00 3.28998e-07 3.28998e-07 0.00000e+00 0.00000e+00 0.00000e+00 3.28998e-07 9.86995e-07 3.28998e-07
6.57996e-07 0.00000e+00 0.00000e+00 0.00000e+00 3.28998e-07 3.28998e-07 3.28998e-07 0.00000e+00 6.57996e-07 6.57996e-07 1.31599e-06 3.28998e-07 3.28998e-07 0.00000e+00 0.00000e+00 0.00000e+00 0.00000e+00 0.00000e+00 3.28998e-07 1.64499e-06
9.86995e-07 0.00000e+00 0.00000e+00 0.00000e+00 6.57996e-07 3.28998e-07 0.00000e+00 0.00000e+00 0.00000e+00 0.00000e+00 0.00000e+00 3.28998e-07 0.00000e+00 3.28998e-07 3.28998e-07 3.28998e-07 0.00000e+00 0.00000e+00 0.00000e+00 6.57996e-07
6.57996e-07 9.86995e-07 0.00000e+00 0.00000e+00 3.28998e-07 0.00000e+00 0.00000e+00 0.00000e+00 3.28998e-07 0.00000e+00 6.57996e-07 6.57996e-07 0.00000e+00 3.28998e-07 3.28998e-07 3.28998e-07 3.28998e-07 0.00000e+00 3.28998e-07 0.00000e+00
9.86995e-07 6.57996e-07 3.28998e-07 3.28998e-07 3.28998e-07 0.00000e+00 0.00000e+00 0.00000e+00 6.57996e-07 6.57996e-07 3.28998e-07 9.86995e-07 3.28998e-07 3.28998e-07 0.00000e+00 1.31599e-06 9.86995e-07 3.28998e-07 6.57996e-07 3.28998e-07
6.57996e-07 1.31599e-06 0.00000e+00 0.00000e+00 6.57996e-07 6.57996e-07 3.28998e-07 3.28998e-07 6.57996e-07 3.28998e-07 6.57996e-07 9.86995e-07 3.28998e-07 3.28998e-07 6.57996e-07 6.57996e-07 9.86995e-07 6.57996e-07 9.86995e-07 1.64499e-06
9.86995e-07 6.57996e-07 3.28998e-07 3.28998e-07 6.57996e-07 3.28998e-07 0.00000e+00 3.28998e-07 6.57996e-07 0.00000e+00 6.57996e-07 3.28998e-07 3.28998e-07 3.28998e-07 9.86995e-07 0.00000e+00 0.00000e+00 3.28998e-07 3.28998e-07 6.57996e-07
3.28998e-07 0.00000e+00 0.00000e+00 6.57996e-07 9.86995e-07 3.28998e-07 0.00000e+00 0.00000e+00 3.28998e-07 1.64499e-06 3.28998e-07 0.00000e+00 6.57996e-07 3.28998e-07 3.28998e-07 0.00000e+00 0.00000e+00 0.00000e+00 3.28998e-07 0.00000e+00
1.31599e-06 6.57996e-07 3.28998e-07 1.31599e-06 9.86995e-07 6.57996e-07 3.28998e-07 0.00000e+00 3.28998e-07 3.28998e-07 0.00000e+00 3.28998e-07 3.28998e-07 3.28998e-07 6.57996e-07 0.00000e+00 0.00000e+00 0.00000e+00 0.00000e+00 0.00000e+00
0.00000e+00 0.00000e+00 3.28998e-07 3.28998e-07 3.28998e-07 6.57996e-07 9.86995e-07 3.28998e-07 6.57996e-07 6.57996e-07 3.28998e-07 3.28998e-07 0.00000e+00 3.28998e-07 9.86995e-07 0.00000e+00 0.00000e+00 3.28998e-07 3.28998e-07 0.00000e+00
6.57996e-07 9.86995e-07 6.57996e-07 6.57996e-07 6.57996e-07 0.00000e+00 3.28998e-07 6.57996e-07 3.28998e-07 3.28998e-07 0.00000e+00 0.00000e+00 0.00000e+00 3.28998e-07 3.28998e-07 0.00000e+00 3.28998e-07 3.28998e-07 6.57996e-07 0.00000e+00
9.86995e-07 0.00000e+00 3.28998e-07 6.57996e-07 0.00000e+00 0.00000e+00 3.28998e-07 0.00000e+00 0.00000e+00 0.00000e+00 0.00000e+00 3.28998e-07 0.00000e+00 0.00000e+00 0.00000e+00 0.00000e+00 0.00000e+00 0.00000e+00 6.57996e-07 0.00000e+00
1.64499e-06 3.28998e-07 3.28998e-07 3.28998e-07 6.57996e-07 0.00000e+00 9.86995e-07 3.28998e-07 3.28998e-07 9.86995e-07 0.00000e+00 0.00000e+00 0.00000e+00 0.00000e+00 3.28998e-07 6.57996e-07 0.00000e+00 0.00000e+00 6.57996e-07 3.28998e-07
1.64499e-06 6.57996e-07 3.28998e-07 0.00000e+00 0.00000e+00 3.28998e-07 3.28998e-07 6.57996e-07 0.00000e+00 6.57996e-07 0.00000e+00 0.00000e+00 0.00000e+00 3.28998e-07 1.64499e-06 1.31599e-06 9.86995e-07 0.00000e+00 3.28998e-07 6.57996e-07
3.28998e-07 3.28998e-07 3.28998e-07 0.00000e+00 0.00000e+00 3.28998e-07 3.28998e-07 3.28998e-07 0.00000e+00 0.00000e+00 0.00000e+00 0.00000e+00 3.28998e-07 3.28998e-07 6.57996e-07 6.57996e-07 3.28998e-07 0.00000e+00 0.00000e+00 6.57996e-07
6.57996e-07 6.57996e-07 9.86995e-07 9.86995e-07 6.57996e-07 6.57996e-07 6.57996e-07 3.28998e-07 6.57996e-07 0.00000e+00 3.28998e-07 0.00000e+00 3.28998e-07 6.57996e-07 0.00000e+00 0.00000e+00 3.28998e-07 0.00000e+00 0.00000e+00 3.28998e-07
0.00000e+00 3.28998e-07 9.86995e-07 3.28998e-07 0.00000e+00 3.28998e-07 3.28998e-07 3.28998e-07 3.28998e-07 3.28998e-07 3.28998e-07 0.00000e+00 0.00000e+00 3.28998e-07 0.00000e+00 0.00000e+00 3.28998e-07 3.28998e-07 0.00000e+00 3.28998e-07
6.57996e-07 3.28998e-07 3.28998e-07 3.28998e-07 0.00000e+00 6.57996e-07 3.28998e-07 3.28998e-07 6.57996e-07 6.57996e-07 3.28998e-07 0.00000e+00 0.00000e+00 0.00000e+00 0.00000e+00 0.00000e+00 0.00000e+00 0.00000e+00 0.00000e+00 0.00000e+00
9.86995e-07 0.00000e+00 0.00000e+00 0.00000e+00 3.28998e-07 0.00000e+00 0.00000e+00 6.57996e-07 3.28998e-07 3.28998e-07 9.86995e-07 0.00000e+00 0.00000e+00 0.00000e+00 3.28998e-07 0.00000e+00 6.57996e-07 6.57996e-07 0.00000e+00 6.57996e-07
9.86995e-07 1.31599e-06 3.28998e-07 3.28998e-07 6.57996e-07 3.28998e-07 0.00000e+00 3.28998e-07 0.00000e+00 0.00000e+00 0.00000e+00 0.00000e+00 3.28998e-07 3.28998e-07 0.00000e+00 0.00000e+00 3.28998e-07 9.86995e-07 3.28998e-07 3.28998e-07
1.64499e-06 1.31599e-06 1.31599e-06 3.28998e-07 6.57996e-07 3.28998e-07 0.00000e+00 3.28998e-07 3.28998e-07 9.86995e-07 6.57996e-07 6.57996e-07 0.00000e+00 3.28998e-07 0.00000e+00 3.28998e-07 6.57996e-07 9.86995e-07 6.57996e-07 2.30299e-06
1.97399e-06 1.31599e-06 9.86995e-07 9.86995e-07 3.28998e-07 9.86995e-07 0.00000e+00 3.28998e-07 3.28998e-07 6.57996e-07 0.00000e+00 3.28998e-07 0.00000e+00 0.00000e+00 3.28998e-07 6.57996e-07 6.57996e-07 3.28998e-07 1.64499e-06 1.64499e-06
6.57996e-07 3.28998e-07 6.57996e-07 3.28998e-07 0.00000e+00 0.00000e+00 0.00000e+00 0.00000e+00 3.28998e-07 0.00000e+00 0.00000e+00 0.00000e+00 3.28998e-07 0.00000e+00 0.00000e+00 3.28998e-07 0.00000e+00 0.00000e+00 3.28998e-07 3.28998e-07
3.28998e-07 3.28998e-07 0.00000e+00 0.00000e+00 0.00000e+00 0.00000e+00 3.28998e-07 3.28998e-07 3.28998e-07 0.00000e+00 3.28998e-07 3.28998e-07 0.00000e+00 3.28998e-07 0.00000e+00 9.86995e-07 6.57996e-07 0.00000e+00 0.00000e+00 9.86995e-07
3.28998e-07 6.57996e-07 6.57996e-07 0.00000e+00 0.00000e+00 3.28998e-07 6.57996e-07 3.28998e-07 0.00000e+00 0.00000e+00 0.00000e+00 3.28998e-07 0.00000e+00 0.00000e+00 3.28998e-07 6.57996e-07 3.28998e-07 0.00000e+00 3.28998e-07 1.64499e-06
6.57996e-07 0.00000e+00 0.00000e+00 0.00000e+00 0.00000e+00 3.28998e-07 9.86995e-07 0.00000e+00 0.00000e+00 3.28998e-07 0.00000e+00 0.00000e+00 0.00000e+00 3.28998e-07 3.28998e-07 0.00000e+00 0.00000e+00 6.57996e-07 3.28998e-07 1.97399e-06
1.64499e-06 6.57996e-07 0.00000e+00 6.57996e-07 3.28998e-07 6.57996e-07 0.00000e+00 0.00000e+00 6.57996e-07 3.28998e-07 9.86995e-07 6.57996e-07 3.28998e-07 0.00000e+00 0.00000e+00 0.00000e+00 0.00000e+00 0.00000e+00 9.86995e-07 9.86995e-07
9.86995e-07 0.00000e+00 0.00000e+00 0.00000e+00 0.00000e+00 0.00000e+00 0.00000e+00 3.28998e-07 0.00000e+00 0.00000e+00 3.28998e-07 0.00000e+00 0.00000e+00 0.00000e+00 3.28998e-07 3.28998e-07 0.00000e+00 0.00000e+00 6.57996e-07 6.57996e-07
6.57996e-07 3.28998e-07 6.57996e-07 0.00000e+00 9.86995e-07 3.28998e-07 0.00000e+00 6.57996e-07 0.00000e+00 3.28998e-07 9.86995e-07 6.57996e-07 3.28998e-07 0.00000e+00 0.00000e+00 3.28998e-07 0.00000e+00 6.57996e-07 9.86995e-07 6.57996e-07
1.31599e-06 0.00000e+00 3.28998e-07 0.00000e+00 6.57996e-07 0.00000e+00 3.28998e-07 0.00000e+00 0.00000e+00 6.57996e-07 1.31599e-06 9.86995e-07 6.57996e-07 0.00000e+00 6.57996e-07 6.57996e-07 9.86995e-07 1.97399e-06 3.28998e-07 3.28998e-07
6.57996e-07 3.28998e-07 0.00000e+00 0.00000e+00 0.00000e+00 0.00000e+00 9.86995e-07 3.28998e-07 0.00000e+00 0.00000e+00 0.00000e+00 0.00000e+00 3.28998e-07 0.00000e+00 0.00000e+00 0.00000e+00 0.00000e+00 3.28998e-07 3.28998e-07 0.00000e+00
6.57996e-07 1.31599e-06 0.00000e+00 0.00000e+00 3.28998e-07 3.28998e-07 3.28998e-07 0.00000e+00 3.28998e-07 3.28998e-07 0.00000e+00 0.00000e+00 6.57996e-07 6.57996e-07 6.57996e-07 3.28998e-07 6.57996e-07 3.28998e-07 3.28998e-07 3.28998e-07
6.57996e-07 3.28998e-07 3.28998e-07 3.28998e-07 3.28998e-07 0.00000e+00 3.28998e-07 3.28998e-07 3.28998e-07 3.28998e-07 0.00000e+00 0.00000e+00 3.28998e-07 6.57996e-07 3.28998e-07 0.00000e+00 9.86995e-07 6.57996e-07 6.57996e-07 0.00000e+00
3.28998e-07 3.28998e-07 0.00000e+00 3.28998e-07 3.28998e-07 3.28998e-07 0.00000e+00 3.28998e-07 6.57996e-07 6.57996e-07 0.00000e+00 3.28998e-07 6.57996e-07 0.00000e+00 0.00000e+00 0.00000e+00 6.57996e-07 3.28998e-07 3.28998e-07 9.86995e-07
3.28998e-07 9.86995e-07 0.00000e+00 0.00000e+00 0.00000e+00 0.00000e+00 9.86995e-07 9.86995e-07 9.86995e-07 3.28998e-07 3.28998e-07 9.86995e-07 3.28998e-07 6.57996e-07 3.28998e-07 0.00000e+00 3.28998e-07 0.00000e+00 0.00000e+00 9.86995e-07
3.28998e-07 3.28998e-07 0.00000e+00 0.00000e+00 0.00000e+00 0.00000e+00 6.57996e-07 0.00000e+00 6.57996e-07 3.28998e-07 0.00000e+00 9.86995e-07 9.86995e-07 3.28998e-07 0.00000e+00 0.00000e+00 6.57996e-07 6.57996e-07 6.57996e-07 0.00000e+00
6.57996e-07 0.00000e+00 0.00000e+00 3.28998e-07 0.00000e+00 0.00000e+00 9.86995e-07 6.57996e-07 1.31599e-06 6.57996e-07 0.00000e+00 1.31599e-06 1.97399e-06 3.28998e-07 0.00000e+00 9.86995e-07 9.86995e-07 1.64499e-06 6.57996e-07 6.57996e-07
9.86995e-07 0.00000e+00 6.57996e-07 0.00000e+00 0.00000e+00 0.00000e+00 6.57996e-07 6.57996e-07 6.57996e-07 0.00000e+00 3.28998e-07 6.57996e-07 1.31599e-06 3.28998e-07 3.28998e-07 9.86995e-07 6.57996e-07 9.86995e-07 6.57996e-07 6.57996e-07
3.28998e-07 0.00000e+00 0.00000e+00 0.00000e+00 0.00000e+00 0.00000e+00 0.00000e+00 0.00000e+00 6.57996e-07 0.00000e+00 0.00000e+00 0.00000e+00 0.00000e+00 0.00000e+00 3.28998e-07 0.00000e+00 3.28998e-07 6.57996e-07 0.00000e+00 6.57996e-07
6.57996e-07 3.28998e-07 9.86995e-07 0.00000e+00 3.28998e-07 3.28998e-07 0.00000e+00 3.28998e-07 3.28998e-07 0.00000e+00 3.28998e-07 0.00000e+00 0.00000e+00 0.00000e+00 0.00000e+00 3.28998e-07 6.57996e-07 9.86995e-07 3.28998e-07 6.57996e-07
6.57996e-07 0.00000e+00 3.28998e-07 0.00000e+00 0.00000e+00 0.00000e+00 3.28998e-07 1.31599e-06 1.31599e-06 3.28998e-07 6.57996e-07 3.28998e-07 3.28998e-07 9.86995e-07 6.57996e-07 3.28998e-07 3.28998e-07 0.00000e+00 6.57996e-07 0.00000e+00
3.28998e-07 0.00000e+00 6.57996e-07 6.57996e-07 0.00000e+00 0.00000e+00 3.28998e-07 0.00000e+00 0.00000e+00 3.28998e-07 3.28998e-07 0.00000e+00 9.86995e-07 6.57996e-07 3.28998e-07 9.86995e-07 3.28998e-07 6.57996e-07 6.57996e-07 9.86995e-07
6.57996e-07 1.97399e-06 0.00000e+00 3.28998e-07 3.28998e-07 0.00000e+00 0.00000e+00 3.28998e-07 3.28998e-07 0.00000e+00 3.28998e-07 3.28998e-07 1.31599e-06 1.31599e-06 3.28998e-07 0.00000e+00 9.86995e-07 1.64499e-06 1.64499e-06 6.57996e-07
1.31599e-06 6.57996e-07 6.57996e-07 0.00000e+00 0.00000e+00 6.57996e-07 3.28998e-07 3.28998e-07 3.28998e-07 3.28998e-07 0.00000e+00 0.00000e+00 0.00000e+00 9.86995e-07 0.00000e+00 6.57996e-07 0.00000e+00 6.57996e-07 6.57996e-07 3.28998e-07
9.86995e-07 6.57996e-07 0.00000e+00 0.00000e+00 3.28998e-07 3.28998e-07 0.00000e+00 0.00000e+00 0.00000e+00 3.28998e-07 0.00000e+00 0.00000e+00 6.57996e-07 9.86995e-07 6.57996e-07 9.86995e-07 3.28998e-07 6.57996e-07 9.86995e-07 2.30299e-06
1.31599e-06 6.57996e-07 6.57996e-07 0.00000e+00 6.57996e-07 6.57996e-07 0.00000e+00 0.00000e+00 3.28998e-07 0.00000e+00 3.28998e-07 3.28998e-07 0.00000e+00 3.28998e-07 3.28998e-07 9.86995e-07 6.57996e-07 3.28998e-07 9.86995e-07 1.64499e-06
3.28998e-07 0.00000e+00 0.00000e+00 0.00000e+00 0.00000e+00 3.28998e-07 0.00000e+00 0.00000e+00 3.28998e-07 0.00000e+00 0.00000e+00 6.57996e-07 3.28998e-07 3.28998e-07 0.00000e+00 3.28998e-07 0.00000e+00 6.57996e-07 1.31599e-06 6.57996e-07
0.00000e+00 0.00000e+00 0.00000e+00 0.00000e+00 0.00000e+00 3.28998e-07 6.57996e-07 0.00000e+00 3.28998e-07 0.00000e+00 9.86995e-07 0.00000e+00 0.00000e+00 3.28998e-07 3.28998e-07 3.28998e-07 6.57996e-07 6.57996e-07 3.28998e-07 1.31599e-06
0.00000e+00 0.00000e+00 3.28998e-07 3.28998e-07 0.00000e+00 0.00000e+00 3.28998e-07 0.00000e+00 3.28998e-07 3.28998e-07 9.86995e-07 0.00000e+00 3.28998e-07 6.57996e-07 0.00000e+00 6.57996e-07 3.28998e-07 9.86995e-07 3.28998e-07 6.57996e-07
3.28998e-07 3.28998e-07 0.00000e+00 3.28998e-07 0.00000e+00 6.57996e-07 0.00000e+00 0.00000e+00 3.28998e-07 6.57996e-07 6.57996e-07 0.00000e+00 3.28998e-07 3.28998e-07 3.28998e-07 3.28998e-07 0.00000e+00 1.64499e-06 6.57996e-07 0.00000e+00
9.86995e-07 0.00000e+00 0.00000e+00 1.31599e-06 3.28998e-07 3.28998e-07 3.28998e-07 0.00000e+00 3.28998e-07 0.00000e+00 0.00000e+00 0.00000e+00 3.28998e-07 3.28998e-07 3.28998e-07 9.86995e-07 3.28998e-07 3.28998e-07 0.00000e+00 0.00000e+00
2.30299e-06 3.28998e-07 3.28998e-07 3.28998e-07 3.28998e-07 3.28998e-07 0.00000e+00 6.57996e-07 3.28998e-07 6.57996e-07 3.28998e-07 0.00000e+00 6.57996e-07 9.86995e-07 3.28998e-07 6.57996e-07 3.28998e-07 3.28998e-07 6.57996e-07 0.00000e+00
1.31599e-06 3.28998e-07 3.28998e-07 3.28998e-07 3.28998e-07 9.86995e-07 3.28998e-07 9.86995e-07 9.86995e-07 3.28998e-07 0.00000e+00 0.00000e+00 0.00000e+00 3.28998e-07 6.57996e-07 1.31599e-06 1.31599e-06 0.00000e+00 9.86995e-07 1.31599e-06
1.97399e-06 3.28998e-07 9.86995e-07 6.57996e-07 3.28998e-07 6.57996e-07 3.28998e-07 0.00000e+00 6.57996e-07 9.86995e-07 3.28998e-07 0.00000e+00 6.57996e-07 6.57996e-07 1.64499e-06 1.64499e-06 3.28998e-07 3.28998e-07 9.86995e-07 9.86995e-07
9.86995e-07 6.57996e-07 9.86995e-07 0.00000e+00 3.28998e-07 6.57996e-07 0.00000e+00 0.00000e+00 3.28998e-07 6.57996e-07 0.00000e+00 0.00000e+00 3.28998e-07 6.57996e-07 3.28998e-07 3.28998e-07 0.00000e+00 6.57996e-07 3.28998e-07 9.86995e-07
9.86995e-07 3.28998e-07 0.00000e+00 0.00000e+00 3.28998e-07 6.57996e-07 0.00000e+00 0.00000e+00 3.28998e-07 3.28998e-07 3.28998e-07 3.28998e-07 3.28998e-07 3.28998e-07 0.00000e+00 0.00000e+00 3.28998e-07 1.64499e-06 6.57996e-07 6.57996e-07
6.57996e-07 9.86995e-07 0.00000e+00 0.00000e+00 0.00000e+00 3.28998e-07 0.00000e+00 3.28998e-07 3.28998e-07 0.00000e+00 3.28998e-07 0.00000e+00 0.00000e+00 3.28998e-07 9.86995e-07 3.28998e-07 6.57996e-07 3.28998e-07 3.28998e-07 1.31599e-06
9.86995e-07 6.57996e-07 3.28998e-07 3.28998e-07 3.28998e-07 6.57996e-07 6.57996e-07 3.28998e-07 6.57996e-07 6.57996e-07 6.57996e-07 0.00000e+00 3.28998e-07 3.28998e-07 9.86995e-07 0.00000e+00 3.28998e-07 6.57996e-07 3.28998e-07 9.86995e-07
6.57996e-07 3.28998e-07 0.00000e+00 0.00000e+00 3.28998e-07 0.00000e+00 6.57996e-07 3.28998e-07 1.31599e-06 1.31599e-06 6.57996e-07 3.28998e-07 0.00000e+00 3.28998e-07 0.00000e+00 3.28998e-07 6.57996e-07 0.00000e+00 6.57996e-07 3.28998e-07
3.28998e-07 3.28998e-07 3.28998e-07 0.00000e+00 6.57996e-07 3.28998e-07 3.28998e-07 3.28998e-07 0.00000e+00 0.00000e+00 0.00000e+00 3.28998e-07 3.28998e-07 3.28998e-07 9.86995e-07 0.00000e+00 3.28998e-07 6.57996e-07 9.86995e-07 9.86995e-07
2.96098e-06 1.31599e-06 3.28998e-07 0.00000e+00 3.28998e-07 0.00000e+00 0.00000e+00 6.57996e-07 0.00000e+00 0.00000e+00 3.28998e-07 6.57996e-07 9.86995e-07 3.28998e-07 9.86995e-07 3.28998e-07 3.28998e-07 9.86995e-07 1.31599e-06 9.86995e-07
1.64499e-06 1.31599e-06 6.57996e-07 9.86995e-07 0.00000e+00 3.28998e-07 6.57996e-07 3.28998e-07 3.28998e-07 9.86995e-07 6.57996e-07 9.86995e-07 3.28998e-07 9.86995e-07 3.28998e-07 0.00000e+00 3.28998e-07 3.28998e-07 0.00000e+00 3.28998e-07
3.28998e-07 3.28998e-07 0.00000e+00 3.28998e-07 3.28998e-07 3.28998e-07 0.00000e+00 3.28998e-07 0.00000e+00 1.31599e-06 0.00000e+00 3.28998e-07 3.28998e-07 3.28998e-07 0.00000e+00 0.00000e+00 0.00000e+00 6.57996e-07 3.28998e-07 3.28998e-07
3.28998e-07 3.28998e-07 6.57996e-07 6.57996e-07 0.00000e+00 3.28998e-07 0.00000e+00 3.28998e-07 0.00000e+00 0.00000e+00 3.28998e-07 6.57996e-07 3.28998e-07 0.00000e+00 9.86995e-07 9.86995e-07 0.00000e+00 0.00000e+00 0.00000e+00 1.31599e-06
6.57996e-07 3.28998e-07 9.86995e-07 3.28998e-07 0.00000e+00 0.00000e+00 3.28998e-07 9.86995e-07 9.86995e-07 6.57996e-07 9.86995e-07 6.57996e-07 3.28998e-07 0.00000e+00 0.00000e+00 9.86995e-07 0.00000e+00 1.31599e-06 6.57996e-07 1.31599e-06
1.64499e-06 9.86995e-07 3.28998e-07 0.00000e+00 6.57996e-07 6.57996e-07 6.57996e-07 1.97399e-06 1.31599e-06 6.57996e-07 3.28998e-07 3.28998e-07 6.57996e-07 9.86995e-07 0.00000e+00 3.28998e-07 6.57996e-07 2.30299e-06 9.86995e-07 1.97399e-06
