9.38817e-06 8.47225e-06 8.47225e-06 7.32735e-06 5.49551e-06 6.18245e-06 7.78531e-06 1.07620e-05 7.78531e-06 1.03041e-05
5.95347e-06 5.03755e-06 6.64041e-06 3.89265e-06 6.41143e-06 4.35061e-06 5.72449e-06 7.09837e-06 8.01429e-06 7.09837e-06
3.66367e-06 3.43469e-06 4.35061e-06 2.97674e-06 3.43469e-06 3.43469e-06 2.74776e-06 1.83184e-06 1.37388e-06 3.66367e-06
3.43469e-06 2.51878e-06 2.74776e-06 2.06082e-06 2.28980e-06 2.51878e-06 2.06082e-06 2.74776e-06 2.28980e-06 4.35061e-06
3.66367e-06 3.43469e-06 1.37388e-06 2.28980e-06 1.60286e-06 1.37388e-06 3.43469e-06 2.74776e-06 1.83184e-06 4.12163e-06
3.89265e-06 2.28980e-06 2.06082e-06 1.60286e-06 2.74776e-06 2.28980e-06 2.74776e-06 2.51878e-06 3.20572e-06 3.20572e-06
2.06082e-06 9.15919e-07 2.28980e-06 2.97674e-06 1.14490e-06 1.83184e-06 2.06082e-06 1.83184e-06 2.51878e-06 5.03755e-06
1.83184e-06 1.14490e-06 2.28980e-06 2.74776e-06 3.66367e-06 2.74776e-06 1.60286e-06 9.15919e-07 2.06082e-06 3.66367e-06
5.03755e-06 3.66367e-06 4.80857e-06 3.89265e-06 4.12163e-06 3.66367e-06 3.43469e-06 3.66367e-06 4.80857e-06 7.78531e-06
7.09837e-06 4.80857e-06 4.57959e-06 2.97674e-06 4.12163e-06 4.12163e-06 4.57959e-06 5.26653e-06 5.49551e-06 5.26653e-06
2.28980e-06 1.37388e-06 2.97674e-06 2.06082e-06 1.60286e-06 1.37388e-06 1.83184e-06 2.74776e-06 1.83184e-06 2.74776e-06
2.97674e-06 2.06082e-06 2.28980e-06 2.74776e-06 1.83184e-06 9.15919e-07 2.06082e-06 2.51878e-06 2.97674e-06 2.06082e-06
2.06082e-06 1.37388e-06 9.15919e-07 9.15919e-07 1.14490e-06 1.14490e-06 1.37388e-06 1.14490e-06 2.74776e-06 3.66367e-06
2.97674e-06 2.51878e-06 1.37388e-06 1.60286e-06 2.51878e-06 2.06082e-06 2.06082e-06 1.37388e-06 1.37388e-06 2.51878e-06
3.89265e-06 2.06082e-06 2.28980e-06 1.83184e-06 1.14490e-06 9.15919e-07 1.83184e-06 1.37388e-06 2.51878e-06 4.12163e-06
5.03755e-06 2.06082e-06 1.60286e-06 1.37388e-06 9.15919e-07 9.15919e-07 6.86939e-07 1.83184e-06 1.83184e-06 3.66367e-06
5.95347e-06 3.89265e-06 4.35061e-06 2.97674e-06 2.97674e-06 3.20572e-06 4.57959e-06 3.20572e-06 3.20572e-06 6.18245e-06
5.72449e-06 3.89265e-06 4.80857e-06 4.35061e-06 5.03755e-06 3.89265e-06 3.66367e-06 5.03755e-06 5.03755e-06 7.55633e-06
3.89265e-06 1.37388e-06 1.14490e-06 3.20572e-06 1.60286e-06 2.06082e-06 1.83184e-06 2.74776e-06 1.60286e-06 2.06082e-06
3.20572e-06 1.60286e-06 2.28980e-06 2.97674e-06 2.06082e-06 2.51878e-06 1.83184e-06 2.51878e-06 1.60286e-06 1.37388e-06
3.66367e-06 2.51878e-06 1.60286e-06 2.51878e-06 2.51878e-06 2.74776e-06 1.60286e-06 1.14490e-06 1.83184e-06 2.74776e-06
5.26653e-06 2.28980e-06 1.37388e-06 2.28980e-06 1.14490e-06 1.60286e-06 1.83184e-06 2.06082e-06 2.51878e-06 4.35061e-06
2.51878e-06 2.74776e-06 2.51878e-06 3.43469e-06 3.20572e-06 1.83184e-06 9.15919e-07 2.74776e-06 2.51878e-06 3.89265e-06
3.43469e-06 2.06082e-06 2.97674e-06 1.83184e-06 2.74776e-06 2.06082e-06 9.15919e-07 2.28980e-06 2.97674e-06 5.03755e-06
5.03755e-06 3.43469e-06 4.57959e-06 5.03755e-06 3.43469e-06 3.66367e-06 3.66367e-06 2.51878e-06 4.80857e-06 8.70123e-06
6.18245e-06 4.57959e-06 5.49551e-06 5.26653e-06 3.43469e-06 2.74776e-06 2.51878e-06 2.74776e-06 4.80857e-06 6.86939e-06
2.51878e-06 2.97674e-06 1.83184e-06 2.06082e-06 2.28980e-06 2.51878e-06 1.14490e-06 2.06082e-06 2.06082e-06 3.89265e-06
3.89265e-06 2.74776e-06 3.20572e-06 1.83184e-06 1.60286e-06 2.51878e-06 1.60286e-06 1.83184e-06 3.43469e-06 4.12163e-06
3.89265e-06 2.06082e-06 1.37388e-06 2.06082e-06 2.06082e-06 2.74776e-06 2.74776e-06 1.37388e-06 2.97674e-06 3.89265e-06
3.66367e-06 2.06082e-06 6.86939e-07 1.60286e-06 2.74776e-06 3.20572e-06 1.60286e-06 1.83184e-06 2.06082e-06 2.06082e-06
2.28980e-06 2.06082e-06 2.74776e-06 2.97674e-06 4.35061e-06 2.06082e-06 1.83184e-06 3.66367e-06 2.97674e-06 2.74776e-06
2.28980e-06 2.28980e-06 9.15919e-07 1.60286e-06 2.51878e-06 1.83184e-06 1.60286e-06 2.06082e-06 2.51878e-06 3.66367e-06
6.64041e-06 5.49551e-06 2.51878e-06 3.66367e-06 3.89265e-06 3.66367e-06 3.20572e-06 3.43469e-06 5.03755e-06 6.18245e-06
7.55633e-06 3.20572e-06 3.66367e-06 2.28980e-06 3.66367e-06 3.43469e-06 3.66367e-06 2.97674e-06 4.80857e-06 5.26653e-06
3.43469e-06 2.97674e-06 1.37388e-06 2.28980e-06 1.14490e-06 1.37388e-06 1.83184e-06 1.37388e-06 2.97674e-06 3.43469e-06
3.66367e-06 4.12163e-06 2.06082e-06 3.20572e-06 6.86939e-07 2.74776e-06 2.97674e-06 1.60286e-06 3.20572e-06 3.66367e-06
6.18245e-06 3.20572e-06 3.20572e-06 2.28980e-06 2.51878e-06 2.28980e-06 2.97674e-06 3.66367e-06 1.37388e-06 3.89265e-06
4.57959e-06 2.74776e-06 3.20572e-06 3.66367e-06 1.14490e-06 1.14490e-06 2.06082e-06 2.74776e-06 1.60286e-06 3.66367e-06
4.80857e-06 2.06082e-06 3.66367e-06 3.89265e-06 2.74776e-06 2.74776e-06 3.43469e-06 3.20572e-06 2.28980e-06 3.66367e-06
2.97674e-06 2.51878e-06 2.97674e-06 2.97674e-06 1.83184e-06 1.37388e-06 2.51878e-06 3.66367e-06 2.97674e-06 3.43469e-06
6.86939e-06 4.80857e-06 3.20572e-06 2.97674e-06 5.03755e-06 4.57959e-06 4.35061e-06 6.86939e-06 4.57959e-06 7.55633e-06
7.09837e-06 4.12163e-06 3.89265e-06 4.80857e-06 3.89265e-06 5.03755e-06 4.80857e-06 4.12163e-06 3.66367e-06 6.41143e-06
4.12163e-06 3.20572e-06 2.28980e-06 2.97674e-06 2.28980e-06 4.57959e-06 2.51878e-06 2.28980e-06 2.06082e-06 3.20572e-06
3.89265e-06 3.89265e-06 1.60286e-06 2.28980e-06 1.37388e-06 2.06082e-06 2.51878e-06 3.20572e-06 2.06082e-06 2.28980e-06
3.20572e-06 3.66367e-06 2.06082e-06 2.28980e-06 2.74776e-06 2.51878e-06 1.83184e-06 1.37388e-06 2.06082e-06 5.49551e-06
2.28980e-06 2.74776e-06 2.28980e-06 2.28980e-06 2.74776e-06 1.83184e-06 2.06082e-06 2.97674e-06 2.97674e-06 2.28980e-06
5.26653e-06 4.12163e-06 1.83184e-06 9.15919e-07 2.28980e-06 1.14490e-06 3.20572e-06 3.20572e-06 2.51878e-06 2.74776e-06
3.43469e-06 2.28980e-06 1.14490e-06 1.37388e-06 1.60286e-06 1.60286e-06 2.51878e-06 1.60286e-06 3.20572e-06 2.74776e-06
6.64041e-06 4.35061e-06 4.12163e-06 4.12163e-06 3.66367e-06 3.20572e-06 4.57959e-06 5.03755e-06 3.89265e-06 6.64041e-06
6.41143e-06 4.80857e-06 2.97674e-06 3.20572e-06 4.35061e-06 4.57959e-06 3.43469e-06 3.43469e-06 5.72449e-06 5.95347e-06
3.66367e-06 2.51878e-06 9.15919e-07 1.60286e-06 1.60286e-06 3.20572e-06 2.28980e-06 3.89265e-06 3.43469e-06 4.35061e-06
3.20572e-06 2.97674e-06 9.15919e-07 1.83184e-06 2.74776e-06 2.06082e-06 1.83184e-06 2.74776e-06 4.12163e-06 3.89265e-06
2.97674e-06 2.28980e-06 2.06082e-06 1.14490e-06 2.28980e-06 1.83184e-06 2.06082e-06 3.20572e-06 2.74776e-06 4.12163e-06
1.60286e-06 4.12163e-06 2.28980e-06 2.06082e-06 1.83184e-06 1.37388e-06 1.37388e-06 2.51878e-06 2.28980e-06 3.43469e-06
2.97674e-06 2.51878e-06 3.66367e-06 2.51878e-06 2.97674e-06 1.60286e-06 1.83184e-06 1.37388e-06 2.28980e-06 3.20572e-06
2.51878e-06 2.51878e-06 2.06082e-06 1.83184e-06 3.43469e-06 1.37388e-06 4.57959e-07 6.86939e-07 2.51878e-06 4.80857e-06
5.03755e-06 4.80857e-06 5.26653e-06 5.26653e-06 4.80857e-06 3.43469e-06 2.28980e-06 3.89265e-06 4.35061e-06 7.78531e-06
4.80857e-06 3.20572e-06 4.80857e-06 5.03755e-06 4.35061e-06 4.57959e-06 2.51878e-06 4.57959e-06 5.03755e-06 6.64041e-06
3.43469e-06 1.60286e-06 1.37388e-06 9.15919e-07 1.14490e-06 2.28980e-06 1.83184e-06 1.60286e-06 3.20572e-06 4.80857e-06
3.89265e-06 1.60286e-06 2.74776e-06 3.20572e-06 3.66367e-06 1.60286e-06 2.51878e-06 9.15919e-07 1.83184e-06 2.74776e-06
4.57959e-06 1.37388e-06 1.83184e-06 6.86939e-07 1.83184e-06 1.83184e-06 2.06082e-06 1.60286e-06 2.06082e-06 3.43469e-06
3.66367e-06 2.97674e-06 3.20572e-06 1.37388e-06 2.06082e-06 1.83184e-06 1.60286e-06 2.74776e-06 3.43469e-06 3.43469e-06
4.12163e-06 2.51878e-06 2.97674e-06 2.51878e-06 1.60286e-06 1.83184e-06 1.60286e-06 2.51878e-06 2.74776e-06 3.66367e-06
2.97674e-06 2.28980e-06 1.83184e-06 2.74776e-06 2.28980e-06 1.60286e-06 4.57959e-07 2.74776e-06 2.74776e-06 3.66367e-06
7.32735e-06 4.35061e-06 4.80857e-06 5.26653e-06 5.49551e-06 6.41143e-06 4.80857e-06 2.97674e-06 4.80857e-06 4.57959e-06
7.32735e-06 5.26653e-06 4.35061e-06 5.03755e-06 6.18245e-06 4.35061e-06 4.57959e-06 4.12163e-06 5.26653e-06 5.03755e-06
4.35061e-06 2.51878e-06 2.97674e-06 9.15919e-07 2.74776e-06 2.97674e-06 2.06082e-06 2.74776e-06 1.83184e-06 2.74776e-06
2.28980e-06 2.97674e-06 3.43469e-06 3.20572e-06 2.06082e-06 1.83184e-06 2.74776e-06 3.43469e-06 3.43469e-06 6.18245e-06
3.66367e-06 2.06082e-06 3.66367e-06 1.14490e-06 1.83184e-06 1.37388e-06 1.60286e-06 1.60286e-06 2.51878e-06 4.80857e-06
4.57959e-06 1.60286e-06 1.60286e-06 9.15919e-07 1.83184e-06 1.83184e-06 1.37388e-06 1.83184e-06 3.66367e-06 4.35061e-06
3.66367e-06 1.83184e-06 1.60286e-06 2.28980e-06 1.83184e-06 2.06082e-06 2.74776e-06 1.83184e-06 2.28980e-06 4.80857e-06
3.20572e-06 2.06082e-06 2.28980e-06 1.83184e-06 2.06082e-06 1.83184e-06 1.83184e-06 1.83184e-06 1.60286e-06 3.43469e-06
5.95347e-06 5.26653e-06 4.35061e-06 3.89265e-06 3.66367e-06 5.03755e-06 2.74776e-06 4.57959e-06 5.26653e-06 6.18245e-06
6.86939e-06 4.57959e-06 5.03755e-06 6.86939e-06 6.64041e-06 5.49551e-06 3.43469e-06 4.35061e-06 3.43469e-06 5.03755e-06
2.74776e-06 2.28980e-06 2.06082e-06 2.28980e-06 2.97674e-06 2.28980e-06 2.28980e-06 2.51878e-06 1.83184e-06 3.43469e-06
2.74776e-06 2.06082e-06 1.14490e-06 2.74776e-06 3.43469e-06 2.28980e-06 4.57959e-07 2.28980e-06 2.97674e-06 5.03755e-06
2.28980e-06 1.14490e-06 1.37388e-06 2.28980e-06 3.89265e-06 1.83184e-06 2.06082e-06 2.06082e-06 2.51878e-06 4.12163e-06
3.20572e-06 2.06082e-06 1.14490e-06 2.28980e-06 2.74776e-06 3.43469e-06 3.20572e-06 1.83184e-06 1.37388e-06 2.74776e-06
2.97674e-06 2.28980e-06 2.28980e-06 2.06082e-06 2.06082e-06 2.97674e-06 2.97674e-06 2.06082e-06 1.14490e-06 2.06082e-06
2.28980e-06 1.37388e-06 2.06082e-06 1.83184e-06 2.51878e-06 2.28980e-06 2.51878e-06 6.86939e-07 2.51878e-06 2.28980e-06
5.72449e-06 5.26653e-06 4.57959e-06 3.20572e-06 2.74776e-06 3.43469e-06 4.57959e-06 4.12163e-06 5.49551e-06 5.49551e-06
5.95347e-06 2.97674e-06 4.35061e-06 5.26653e-06 6.18245e-06 3.66367e-06 5.72449e-06 5.49551e-06 4.57959e-06 5.72449e-06
3.66367e-06 1.37388e-06 6.86939e-07 2.51878e-06 3.43469e-06 1.60286e-06 1.60286e-06 1.37388e-06 2.97674e-06 5.03755e-06
2.28980e-06 4.35061e-06 3.66367e-06 1.83184e-06 2.06082e-06 1.14490e-06 2.28980e-06 2.28980e-06 2.51878e-06 4.12163e-06
2.06082e-06 1.60286e-06 1.83184e-06 1.83184e-06 9.15919e-07 1.60286e-06 1.60286e-06 2.97674e-06 2.28980e-06 3.66367e-06
3.43469e-06 2.06082e-06 3.20572e-06 1.14490e-06 1.83184e-06 2.06082e-06 2.06082e-06 2.06082e-06 2.28980e-06 2.51878e-06
4.57959e-06 1.83184e-06 2.51878e-06 2.51878e-06 1.37388e-06 2.06082e-06 2.28980e-06 2.28980e-06 1.83184e-06 2.28980e-06
3.66367e-06 2.51878e-06 1.14490e-06 9.15919e-07 1.37388e-06 1.14490e-06 1.83184e-06 1.83184e-06 1.83184e-06 2.97674e-06
6.18245e-06 4.35061e-06 4.57959e-06 4.35061e-06 3.66367e-06 2.97674e-06 5.72449e-06 2.74776e-06 5.26653e-06 4.35061e-06
6.86939e-06 5.26653e-06 6.64041e-06 5.03755e-06 4.12163e-06 5.03755e-06 3.89265e-06 4.57959e-06 3.43469e-06 4.57959e-06
4.35061e-06 2.28980e-06 1.83184e-06 1.60286e-06 1.60286e-06 1.83184e-06 1.37388e-06 9.15919e-07 9.15919e-07 2.06082e-06
2.74776e-06 2.97674e-06 2.74776e-06 1.14490e-06 1.14490e-06 1.37388e-06 1.83184e-06 1.37388e-06 2.06082e-06 3.66367e-06
2.97674e-06 1.60286e-06 1.37388e-06 3.66367e-06 2.28980e-06 2.06082e-06 1.37388e-06 2.74776e-06 2.06082e-06 2.74776e-06
5.49551e-06 2.51878e-06 1.83184e-06 1.60286e-06 1.83184e-06 2.06082e-06 1.37388e-06 9.15919e-07 1.14490e-06 4.57959e-06
2.97674e-06 2.74776e-06 2.51878e-06 3.20572e-06 2.28980e-06 2.28980e-06 1.14490e-06 3.20572e-06 2.06082e-06 4.35061e-06
3.43469e-06 3.20572e-06 2.74776e-06 2.97674e-06 1.83184e-06 1.83184e-06 2.06082e-06 2.06082e-06 1.37388e-06 3.43469e-06
5.95347e-06 6.64041e-06 5.95347e-06 3.66367e-06 3.89265e-06 5.03755e-06 5.03755e-06 5.03755e-06 2.74776e-06 5.49551e-06
5.95347e-06 3.66367e-06 2.97674e-06 3.89265e-06 3.89265e-06 5.26653e-06 5.49551e-06 4.57959e-06 3.43469e-06 7.78531e-06
3.66367e-06 2.74776e-06 2.06082e-06 1.14490e-06 2.28980e-06 2.28980e-06 2.28980e-06 2.06082e-06 3.20572e-06 3.43469e-06
2.74776e-06 1.60286e-06 2.74776e-06 1.83184e-06 2.06082e-06 2.74776e-06 2.28980e-06 2.28980e-06 2.51878e-06 5.26653e-06
3.20572e-06 9.15919e-07 1.60286e-06 2.28980e-06 2.51878e-06 2.51878e-06 1.37388e-06 2.97674e-06 2.74776e-06 4.12163e-06
2.74776e-06 1.37388e-06 1.60286e-06 2.06082e-06 2.06082e-06 1.37388e-06 1.37388e-06 1.83184e-06 3.66367e-06 3.43469e-06
2.51878e-06 2.28980e-06 1.60286e-06 1.60286e-06 3.20572e-06 1.83184e-06 1.60286e-06 2.06082e-06 2.97674e-06 2.97674e-06
3.20572e-06 1.37388e-06 2.74776e-06 2.06082e-06 2.51878e-06 2.74776e-06 1.14490e-06 1.14490e-06 2.51878e-06 3.20572e-06
8.01429e-06 3.43469e-06 4.35061e-06 4.57959e-06 6.18245e-06 4.80857e-06 3.89265e-06 4.35061e-06 3.89265e-06 6.18245e-06
5.49551e-06 4.35061e-06 2.97674e-06 4.35061e-06 4.12163e-06 5.49551e-06 4.12163e-06 6.41143e-06 5.03755e-06 5.03755e-06
3.66367e-06 2.06082e-06 2.97674e-06 1.60286e-06 1.83184e-06 1.83184e-06 9.15919e-07 2.97674e-06 2.51878e-06 2.74776e-06
3.43469e-06 2.51878e-06 2.74776e-06 1.83184e-06 1.14490e-06 1.14490e-06 1.14490e-06 2.74776e-06 2.51878e-06 2.97674e-06
2.97674e-06 9.15919e-07 2.06082e-06 2.06082e-06 1.60286e-06 2.97674e-06 1.83184e-06 1.60286e-06 3.43469e-06 2.06082e-06
1.83184e-06 1.83184e-06 3.66367e-06 1.60286e-06 1.83184e-06 2.74776e-06 2.28980e-06 2.28980e-06 3.20572e-06 4.12163e-06
2.28980e-06 1.83184e-06 2.51878e-06 1.14490e-06 1.83184e-06 1.83184e-06 2.74776e-06 2.06082e-06 2.74776e-06 4.35061e-06
2.97674e-06 1.83184e-06 1.60286e-06 2.51878e-06 1.14490e-06 9.15919e-07 1.37388e-06 2.06082e-06 2.97674e-06 3.43469e-06
7.32735e-06 5.72449e-06 3.20572e-06 3.66367e-06 3.66367e-06 4.35061e-06 5.26653e-06 5.03755e-06 3.89265e-06 6.86939e-06
7.32735e-06 6.41143e-06 3.43469e-06 2.28980e-06 3.66367e-06 5.49551e-06 5.03755e-06 5.03755e-06 4.35061e-06 6.18245e-06
2.74776e-06 2.97674e-06 1.14490e-06 2.28980e-06 2.74776e-06 2.74776e-06 1.37388e-06 2.06082e-06 2.28980e-06 5.49551e-06
4.80857e-06 3.20572e-06 2.28980e-06 2.51878e-06 2.28980e-06 2.28980e-06 1.83184e-06 1.83184e-06 1.60286e-06 5.03755e-06
5.03755e-06 2.51878e-06 1.60286e-06 2.28980e-06 2.06082e-06 2.06082e-06 1.83184e-06 2.06082e-06 1.83184e-06 2.74776e-06
5.95347e-06 2.51878e-06 2.06082e-06 9.15919e-07 2.97674e-06 2.28980e-06 2.74776e-06 9.15919e-07 2.97674e-06 3.20572e-06
2.74776e-06 1.60286e-06 1.37388e-06 9.15919e-07 6.86939e-07 1.14490e-06 1.60286e-06 2.97674e-06 1.83184e-06 4.57959e-06
2.74776e-06 2.28980e-06 2.51878e-06 3.43469e-06 2.06082e-06 9.15919e-07 1.83184e-06 2.51878e-06 3.20572e-06 4.80857e-06
6.41143e-06 5.49551e-06 4.12163e-06 4.35061e-06 6.41143e-06 7.32735e-06 6.18245e-06 5.95347e-06 5.03755e-06 8.01429e-06
5.72449e-06 5.72449e-06 4.57959e-06 3.89265e-06 5.03755e-06 6.41143e-06 6.64041e-06 5.26653e-06 5.03755e-06 7.55633e-06
2.74776e-06 2.28980e-06 2.97674e-06 1.14490e-06 2.74776e-06 3.20572e-06 3.20572e-06 2.74776e-06 4.12163e-06 3.89265e-06
3.89265e-06 3.66367e-06 1.83184e-06 1.60286e-06 6.86939e-07 2.74776e-06 2.06082e-06 2.28980e-06 2.51878e-06 4.35061e-06
2.51878e-06 2.28980e-06 6.86939e-07 4.57959e-07 1.37388e-06 1.60286e-06 2.97674e-06 3.66367e-06 2.51878e-06 4.12163e-06
3.20572e-06 1.37388e-06 1.83184e-06 9.15919e-07 1.83184e-06 1.60286e-06 2.06082e-06 2.51878e-06 2.74776e-06 4.80857e-06
4.57959e-06 1.60286e-06 1.83184e-06 1.60286e-06 1.83184e-06 2.06082e-06 1.60286e-06 2.51878e-06 2.28980e-06 5.03755e-06
3.20572e-06 2.97674e-06 2.28980e-06 2.97674e-06 2.28980e-06 2.97674e-06 2.06082e-06 3.43469e-06 1.83184e-06 4.35061e-06
7.09837e-06 6.18245e-06 5.03755e-06 4.12163e-06 3.89265e-06 4.35061e-06 3.20572e-06 3.66367e-06 5.03755e-06 7.09837e-06
8.24327e-06 4.57959e-06 4.57959e-06 3.43469e-06 3.43469e-06 4.57959e-06 5.26653e-06 2.74776e-06 5.03755e-06 6.41143e-06
2.74776e-06 2.51878e-06 2.51878e-06 1.14490e-06 2.28980e-06 2.06082e-06 2.97674e-06 1.60286e-06 2.06082e-06 2.28980e-06
3.43469e-06 4.57959e-06 3.66367e-06 1.83184e-06 2.51878e-06 1.14490e-06 2.06082e-06 2.06082e-06 1.60286e-06 2.74776e-06
3.43469e-06 2.28980e-06 1.14490e-06 1.37388e-06 1.14490e-06 2.28980e-06 6.86939e-07 2.51878e-06 3.20572e-06 1.60286e-06
2.97674e-06 2.06082e-06 2.51878e-06 2.51878e-06 9.15919e-07 9.15919e-07 1.14490e-06 2.28980e-06 3.20572e-06 4.35061e-06
5.26653e-06 2.74776e-06 2.06082e-06 2.74776e-06 2.28980e-06 2.51878e-06 1.37388e-06 2.97674e-06 3.43469e-06 4.35061e-06
4.80857e-06 2.97674e-06 3.43469e-06 2.74776e-06 1.60286e-06 2.06082e-06 2.28980e-06 3.20572e-06 2.51878e-06 5.49551e-06
5.95347e-06 6.18245e-06 5.49551e-06 5.26653e-06 4.80857e-06 5.03755e-06 3.89265e-06 6.86939e-06 5.03755e-06 8.01429e-06
5.95347e-06 4.80857e-06 5.03755e-06 4.12163e-06 3.43469e-06 3.89265e-06 5.72449e-06 4.12163e-06 5.49551e-06 6.41143e-06
4.35061e-06 4.35061e-06 1.83184e-06 3.43469e-06 1.83184e-06 1.60286e-06 2.74776e-06 2.28980e-06 3.66367e-06 3.66367e-06
6.18245e-06 3.89265e-06 2.74776e-06 2.74776e-06 2.51878e-06 2.06082e-06 2.06082e-06 2.97674e-06 2.51878e-06 2.97674e-06
5.03755e-06 3.20572e-06 2.28980e-06 3.66367e-06 1.60286e-06 2.06082e-06 2.28980e-06 1.83184e-06 2.74776e-06 4.35061e-06
4.12163e-06 4.12163e-06 3.43469e-06 1.83184e-06 2.06082e-06 2.51878e-06 1.60286e-06 1.83184e-06 2.06082e-06 4.35061e-06
2.51878e-06 3.43469e-06 2.28980e-06 2.74776e-06 1.83184e-06 3.66367e-06 2.06082e-06 2.97674e-06 3.20572e-06 5.26653e-06
3.43469e-06 1.83184e-06 1.60286e-06 1.60286e-06 2.97674e-06 1.60286e-06 3.20572e-06 2.28980e-06 3.43469e-06 4.12163e-06
2.74776e-06 3.43469e-06 2.06082e-06 2.74776e-06 3.43469e-06 1.83184e-06 3.43469e-06 2.06082e-06 3.43469e-06 3.66367e-06
2.97674e-06 2.51878e-06 2.06082e-06 2.51878e-06 2.51878e-06 2.28980e-06 2.28980e-06 2.06082e-06 2.06082e-06 4.35061e-06
3.43469e-06 2.06082e-06 9.15919e-07 1.14490e-06 1.37388e-06 4.57959e-06 3.20572e-06 2.97674e-06 5.26653e-06 6.41143e-06
3.89265e-06 2.74776e-06 2.28980e-06 2.74776e-06 2.51878e-06 1.60286e-06 2.74776e-06 2.06082e-06 3.66367e-06 1.83184e-06
3.89265e-06 3.89265e-06 2.28980e-06 2.74776e-06 2.97674e-06 3.66367e-06 2.74776e-06 2.28980e-06 2.51878e-06 3.66367e-06
3.66367e-06 5.26653e-06 4.12163e-06 4.35061e-06 2.51878e-06 4.35061e-06 4.35061e-06 4.35061e-06 2.74776e-06 7.09837e-06
