9.00811e-06 6.25563e-06 8.75788e-06 5.75518e-06 1.10099e-05 7.25653e-06 7.75698e-06 8.25743e-06 9.25833e-06 9.75878e-06
6.75608e-06 7.75698e-06 6.50586e-06 6.25563e-06 5.75518e-06 6.00540e-06 3.75338e-06 5.50495e-06 6.00540e-06 7.75698e-06
3.75338e-06 4.50405e-06 2.75248e-06 1.75158e-06 3.00270e-06 2.50225e-06 3.00270e-06 2.50225e-06 2.00180e-06 5.25473e-06
5.00450e-06 4.50405e-06 2.00180e-06 3.00270e-06 3.25293e-06 3.00270e-06 3.25293e-06 2.00180e-06 3.25293e-06 5.75518e-06
2.50225e-06 1.75158e-06 1.25113e-06 2.25203e-06 1.75158e-06 1.75158e-06 3.00270e-06 2.50225e-06 3.25293e-06 3.25293e-06
4.50405e-06 4.50405e-06 7.50676e-07 2.00180e-06 1.25113e-06 1.75158e-06 1.25113e-06 1.50135e-06 3.00270e-06 2.75248e-06
4.25383e-06 2.50225e-06 2.50225e-06 1.50135e-06 2.50225e-06 1.75158e-06 1.50135e-06 1.25113e-06 3.00270e-06 4.25383e-06
2.50225e-06 3.25293e-06 1.50135e-06 1.75158e-06 4.00360e-06 2.25203e-06 2.50225e-06 1.75158e-06 2.50225e-06 4.00360e-06
3.50315e-06 3.00270e-06 1.75158e-06 1.50135e-06 2.00180e-06 1.50135e-06 2.25203e-06 1.75158e-06 2.50225e-06 2.75248e-06
7.00631e-06 5.25473e-06 3.50315e-06 5.25473e-06 3.25293e-06 5.00450e-06 5.00450e-06 5.50495e-06 7.00631e-06 7.00631e-06
5.25473e-06 6.75608e-06 5.00450e-06 5.25473e-06 5.00450e-06 6.00540e-06 6.00540e-06 5.75518e-06 5.25473e-06 7.75698e-06
3.25293e-06 2.75248e-06 2.25203e-06 1.75158e-06 3.00270e-06 3.00270e-06 1.50135e-06 1.75158e-06 2.00180e-06 5.00450e-06
2.75248e-06 3.50315e-06 2.75248e-06 2.25203e-06 2.75248e-06 3.00270e-06 2.75248e-06 1.50135e-06 2.00180e-06 5.00450e-06
3.00270e-06 2.25203e-06 2.00180e-06 3.25293e-06 2.25203e-06 1.50135e-06 1.00090e-06 1.50135e-06 3.25293e-06 3.75338e-06
2.50225e-06 1.50135e-06 1.25113e-06 2.75248e-06 2.50225e-06 5.00450e-07 2.00180e-06 2.25203e-06 2.25203e-06 2.00180e-06
2.75248e-06 3.25293e-06 1.25113e-06 3.25293e-06 2.75248e-06 2.75248e-06 2.50225e-06 2.25203e-06 1.00090e-06 3.50315e-06
4.50405e-06 2.75248e-06 3.50315e-06 3.75338e-06 1.75158e-06 2.50225e-06 2.75248e-06 2.25203e-06 1.50135e-06 5.00450e-06
5.75518e-06 1.75158e-06 2.25203e-06 1.50135e-06 2.00180e-06 1.50135e-06 2.25203e-06 2.50225e-06 1.75158e-06 4.50405e-06
8.25743e-06 7.25653e-06 5.25473e-06 6.25563e-06 6.75608e-06 5.75518e-06 4.25383e-06 4.50405e-06 5.50495e-06 6.00540e-06
8.25743e-06 3.75338e-06 2.50225e-06 3.75338e-06 5.25473e-06 5.75518e-06 4.50405e-06 5.25473e-06 3.75338e-06 6.50586e-06
1.50135e-06 3.00270e-06 3.50315e-06 2.25203e-06 1.75158e-06 2.50225e-06 1.75158e-06 2.25203e-06 2.50225e-06 4.25383e-06
2.50225e-06 2.50225e-06 3.50315e-06 1.75158e-06 2.00180e-06 1.75158e-06 2.50225e-06 4.50405e-06 3.25293e-06 4.75428e-06
4.25383e-06 2.75248e-06 2.50225e-06 3.50315e-06 1.50135e-06 1.50135e-06 1.25113e-06 2.50225e-06 2.50225e-06 3.00270e-06
3.00270e-06 2.75248e-06 2.75248e-06 2.75248e-06 1.00090e-06 1.25113e-06 2.25203e-06 2.00180e-06 2.00180e-06 1.75158e-06
2.50225e-06 2.75248e-06 3.25293e-06 1.75158e-06 2.25203e-06 1.25113e-06 2.00180e-06 2.50225e-06 1.75158e-06 2.25203e-06
2.00180e-06 3.75338e-06 3.00270e-06 2.25203e-06 2.25203e-06 2.00180e-06 2.25203e-06 2.75248e-06 3.00270e-06 2.75248e-06
2.25203e-06 3.25293e-06 1.75158e-06 2.00180e-06 2.50225e-06 1.50135e-06 2.75248e-06 4.00360e-06 2.75248e-06 2.75248e-06
7.00631e-06 4.00360e-06 4.75428e-06 5.75518e-06 5.00450e-06 4.75428e-06 2.50225e-06 3.50315e-06 4.50405e-06 6.50586e-06
9.25833e-06 6.75608e-06 4.25383e-06 7.50676e-06 4.25383e-06 5.50495e-06 3.75338e-06 4.25383e-06 5.25473e-06 7.50676e-06
4.25383e-06 2.75248e-06 2.50225e-06 2.25203e-06 1.50135e-06 1.75158e-06 1.75158e-06 1.75158e-06 3.00270e-06 2.25203e-06
3.25293e-06 2.50225e-06 2.00180e-06 1.25113e-06 2.50225e-06 1.00090e-06 1.50135e-06 2.00180e-06 3.75338e-06 2.25203e-06
2.75248e-06 1.75158e-06 2.00180e-06 2.75248e-06 2.75248e-06 1.25113e-06 1.50135e-06 1.50135e-06 2.75248e-06 3.25293e-06
4.00360e-06 3.75338e-06 2.75248e-06 2.25203e-06 2.00180e-06 2.25203e-06 2.00180e-06 2.00180e-06 2.50225e-06 2.00180e-06
3.75338e-06 3.50315e-06 3.25293e-06 2.25203e-06 2.50225e-06 2.50225e-06 3.00270e-06 3.00270e-06 3.25293e-06 3.75338e-06
4.00360e-06 2.25203e-06 1.00090e-06 1.75158e-06 2.50225e-06 1.50135e-06 1.75158e-06 2.50225e-06 2.25203e-06 4.75428e-06
3.50315e-06 2.00180e-06 2.00180e-06 1.25113e-06 1.25113e-06 1.50135e-06 2.00180e-06 3.25293e-06 2.75248e-06 3.50315e-06
6.25563e-06 5.00450e-06 4.75428e-06 3.00270e-06 3.00270e-06 5.00450e-06 4.75428e-06 6.00540e-06 5.50495e-06 8.50766e-06
5.75518e-06 3.50315e-06 4.25383e-06 3.75338e-06 4.50405e-06 3.50315e-06 5.00450e-06 3.25293e-06 6.00540e-06 8.00721e-06
3.25293e-06 4.25383e-06 3.25293e-06 3.25293e-06 1.50135e-06 2.25203e-06 1.75158e-06 1.75158e-06 3.00270e-06 3.25293e-06
4.00360e-06 2.25203e-06 1.75158e-06 1.75158e-06 2.25203e-06 2.00180e-06 2.00180e-06 2.00180e-06 2.50225e-06 3.50315e-06
2.75248e-06 1.50135e-06 1.75158e-06 1.00090e-06 2.25203e-06 2.50225e-06 2.00180e-06 1.25113e-06 3.25293e-06 3.75338e-06
4.25383e-06 2.75248e-06 1.25113e-06 1.50135e-06 3.50315e-06 2.25203e-06 2.25203e-06 1.50135e-06 2.75248e-06 2.75248e-06
5.50495e-06 2.50225e-06 1.75158e-06 2.75248e-06 1.25113e-06 1.75158e-06 3.00270e-06 2.00180e-06 2.25203e-06 4.25383e-06
3.75338e-06 1.75158e-06 2.25203e-06 2.75248e-06 2.00180e-06 2.25203e-06 3.00270e-06 2.00180e-06 1.25113e-06 3.00270e-06
1.50135e-06 1.50135e-06 2.50225e-06 2.00180e-06 2.00180e-06 2.00180e-06 2.50225e-06 5.00450e-07 2.50225e-07 2.75248e-06
6.50586e-06 5.50495e-06 3.25293e-06 7.25653e-06 5.00450e-06 3.50315e-06 3.75338e-06 3.50315e-06 3.50315e-06 4.50405e-06
6.25563e-06 4.75428e-06 5.75518e-06 5.50495e-06 3.00270e-06 4.25383e-06 3.00270e-06 5.00450e-06 4.50405e-06 7.75698e-06
2.75248e-06 1.75158e-06 1.50135e-06 2.25203e-06 7.50676e-07 7.50676e-07 7.50676e-07 1.50135e-06 2.25203e-06 4.25383e-06
2.75248e-06 2.25203e-06 1.25113e-06 1.50135e-06 2.00180e-06 1.50135e-06 2.00180e-06 1.50135e-06 2.50225e-06 3.75338e-06
4.00360e-06 1.75158e-06 1.75158e-06 2.75248e-06 2.50225e-06 1.25113e-06 1.50135e-06 2.00180e-06 1.50135e-06 3.25293e-06
3.00270e-06 1.25113e-06 2.00180e-06 1.50135e-06 1.50135e-06 1.50135e-06 7.50676e-07 2.00180e-06 2.25203e-06 3.25293e-06
3.00270e-06 2.50225e-06 1.00090e-06 1.00090e-06 1.75158e-06 7.50676e-07 5.00450e-07 1.00090e-06 1.75158e-06 3.25293e-06
3.75338e-06 3.50315e-06 4.75428e-06 2.25203e-06 1.50135e-06 1.50135e-06 2.00180e-06 3.00270e-06 1.50135e-06 2.75248e-06
3.00270e-06 3.00270e-06 3.25293e-06 1.50135e-06 1.75158e-06 1.00090e-06 2.00180e-06 2.75248e-06 1.75158e-06 3.25293e-06
5.75518e-06 4.75428e-06 5.00450e-06 4.50405e-06 4.00360e-06 3.25293e-06 2.75248e-06 4.50405e-06 3.50315e-06 6.25563e-06
7.00631e-06 6.00540e-06 6.50586e-06 5.00450e-06 5.25473e-06 6.00540e-06 4.25383e-06 3.75338e-06 4.00360e-06 8.25743e-06
3.00270e-06 3.25293e-06 2.50225e-06 2.50225e-06 1.25113e-06 2.00180e-06 1.50135e-06 2.25203e-06 3.00270e-06 3.00270e-06
3.00270e-06 3.25293e-06 1.25113e-06 2.25203e-06 2.25203e-06 4.00360e-06 3.25293e-06 1.75158e-06 2.00180e-06 2.50225e-06
4.50405e-06 2.50225e-06 3.00270e-06 1.75158e-06 3.25293e-06 2.00180e-06 2.50225e-06 1.50135e-06 3.00270e-06 3.50315e-06
3.25293e-06 1.75158e-06 2.00180e-06 1.00090e-06 1.75158e-06 2.25203e-06 1.25113e-06 1.00090e-06 1.25113e-06 3.25293e-06
2.75248e-06 2.75248e-06 3.50315e-06 3.25293e-06 1.75158e-06 2.75248e-06 3.00270e-06 2.50225e-06 2.25203e-06 2.25203e-06
3.75338e-06 2.75248e-06 2.25203e-06 2.25203e-06 2.00180e-06 3.00270e-06 2.75248e-06 2.00180e-06 2.75248e-06 3.00270e-06
3.25293e-06 3.25293e-06 3.25293e-06 2.00180e-06 3.00270e-06 2.75248e-06 2.25203e-06 1.00090e-06 2.25203e-06 3.50315e-06
8.50766e-06 7.50676e-06 6.25563e-06 4.00360e-06 4.00360e-06 5.25473e-06 5.50495e-06 4.00360e-06 3.75338e-06 4.00360e-06
8.00721e-06 6.50586e-06 4.50405e-06 3.25293e-06 3.25293e-06 3.75338e-06 5.00450e-06 4.75428e-06 3.25293e-06 7.25653e-06
6.25563e-06 3.75338e-06 1.25113e-06 2.00180e-06 2.50225e-06 2.25203e-06 1.50135e-06 2.50225e-06 1.75158e-06 3.75338e-06
4.50405e-06 2.75248e-06 2.25203e-06 1.25113e-06 1.50135e-06 1.75158e-06 2.50225e-06 2.25203e-06 2.00180e-06 3.50315e-06
3.00270e-06 3.75338e-06 2.25203e-06 2.50225e-06 3.75338e-06 2.75248e-06 1.75158e-06 2.25203e-06 2.75248e-06 3.00270e-06
4.00360e-06 1.75158e-06 1.75158e-06 1.25113e-06 2.75248e-06 2.25203e-06 1.00090e-06 7.50676e-07 2.50225e-06 3.75338e-06
3.75338e-06 2.50225e-06 2.25203e-06 1.00090e-06 2.00180e-06 3.00270e-06 2.25203e-06 2.50225e-06 1.00090e-06 4.75428e-06
3.75338e-06 2.75248e-06 4.00360e-06 2.75248e-06 4.25383e-06 1.75158e-06 2.25203e-06 2.00180e-06 2.00180e-06 2.00180e-06
4.00360e-06 2.25203e-06 2.50225e-06 2.25203e-06 3.50315e-06 3.00270e-06 2.50225e-06 2.00180e-06 2.00180e-06 3.00270e-06
6.50586e-06 5.00450e-06 4.75428e-06 5.75518e-06 6.00540e-06 3.25293e-06 3.25293e-06 3.25293e-06 6.00540e-06 5.50495e-06
9.50856e-06 4.25383e-06 5.75518e-06 4.75428e-06 4.25383e-06 3.25293e-06 4.00360e-06 3.25293e-06 5.75518e-06 8.00721e-06
4.25383e-06 2.50225e-07 3.00270e-06 1.75158e-06 2.25203e-06 1.25113e-06 1.00090e-06 1.75158e-06 3.50315e-06 4.00360e-06
3.50315e-06 1.75158e-06 1.25113e-06 2.00180e-06 4.00360e-06 2.00180e-06 1.25113e-06 2.25203e-06 2.75248e-06 5.25473e-06
2.25203e-06 2.00180e-06 2.00180e-06 1.75158e-06 1.25113e-06 2.00180e-06 2.00180e-06 3.00270e-06 3.50315e-06 3.50315e-06
2.75248e-06 2.25203e-06 1.00090e-06 1.75158e-06 1.50135e-06 1.50135e-06 2.75248e-06 3.50315e-06 2.25203e-06 3.25293e-06
3.00270e-06 1.75158e-06 1.50135e-06 5.00450e-07 1.25113e-06 7.50676e-07 3.00270e-06 2.25203e-06 3.50315e-06 4.75428e-06
4.25383e-06 3.00270e-06 2.25203e-06 2.25203e-06 1.00090e-06 2.00180e-06 1.75158e-06 2.25203e-06 2.75248e-06 3.00270e-06
4.75428e-06 2.25203e-06 1.75158e-06 2.50225e-06 3.00270e-06 2.00180e-06 3.25293e-06 1.75158e-06 2.00180e-06 3.75338e-06
8.00721e-06 5.00450e-06 6.75608e-06 4.00360e-06 4.75428e-06 3.75338e-06 3.50315e-06 4.50405e-06 5.00450e-06 7.50676e-06
5.25473e-06 3.25293e-06 4.75428e-06 3.50315e-06 5.75518e-06 6.25563e-06 4.50405e-06 4.75428e-06 5.00450e-06 6.00540e-06
5.00450e-06 3.00270e-06 2.50225e-06 1.25113e-06 2.00180e-06 1.00090e-06 1.75158e-06 3.00270e-06 2.50225e-06 4.75428e-06
5.50495e-06 6.00540e-06 3.25293e-06 2.50225e-06 2.25203e-06 2.00180e-06 2.25203e-06 3.00270e-06 2.50225e-06 4.00360e-06
4.00360e-06 2.50225e-06 2.00180e-06 3.00270e-06 3.00270e-06 2.75248e-06 2.50225e-06 1.75158e-06 3.25293e-06 3.50315e-06
4.25383e-06 3.00270e-06 1.50135e-06 2.25203e-06 2.25203e-06 1.50135e-06 1.50135e-06 2.75248e-06 2.00180e-06 3.75338e-06
4.00360e-06 2.50225e-06 1.75158e-06 1.50135e-06 2.50225e-06 2.50225e-06 1.50135e-06 2.25203e-06 2.50225e-06 3.50315e-06
2.25203e-06 2.00180e-06 1.75158e-06 3.00270e-06 2.50225e-06 7.50676e-07 2.50225e-06 1.75158e-06 7.50676e-07 4.50405e-06
4.00360e-06 2.25203e-06 1.75158e-06 3.00270e-06 2.50225e-06 1.00090e-06 2.00180e-06 1.50135e-06 2.00180e-06 3.25293e-06
5.50495e-06 5.00450e-06 4.50405e-06 4.75428e-06 5.50495e-06 4.00360e-06 3.50315e-06 5.25473e-06 5.25473e-06 6.00540e-06
7.00631e-06 7.75698e-06 4.25383e-06 5.50495e-06 5.50495e-06 2.75248e-06 3.50315e-06 5.50495e-06 5.50495e-06 8.00721e-06
2.50225e-06 2.75248e-06 3.00270e-06 1.25113e-06 2.25203e-06 2.50225e-06 2.25203e-06 1.75158e-06 2.00180e-06 4.00360e-06
4.25383e-06 1.25113e-06 1.50135e-06 2.50225e-06 1.75158e-06 2.75248e-06 1.50135e-06 1.00090e-06 1.00090e-06 4.00360e-06
3.75338e-06 2.00180e-06 2.75248e-06 1.75158e-06 1.00090e-06 7.50676e-07 1.50135e-06 1.75158e-06 1.75158e-06 3.50315e-06
3.25293e-06 1.50135e-06 3.25293e-06 2.50225e-06 2.50225e-06 1.75158e-06 1.50135e-06 7.50676e-07 2.00180e-06 2.00180e-06
4.50405e-06 3.75338e-06 1.75158e-06 2.00180e-06 2.75248e-06 2.00180e-06 2.50225e-06 1.75158e-06 3.25293e-06 2.75248e-06
3.75338e-06 3.00270e-06 2.50225e-06 2.50225e-06 1.75158e-06 3.50315e-06 2.75248e-06 3.25293e-06 3.75338e-06 3.00270e-06
3.50315e-06 2.75248e-06 2.50225e-06 3.50315e-06 3.50315e-06 3.00270e-06 2.50225e-06 2.00180e-06 3.25293e-06 2.50225e-06
5.75518e-06 4.25383e-06 5.75518e-06 4.00360e-06 4.25383e-06 5.75518e-06 4.25383e-06 4.00360e-06 5.50495e-06 6.50586e-06
5.75518e-06 2.75248e-06 4.75428e-06 3.25293e-06 5.25473e-06 5.50495e-06 5.50495e-06 5.25473e-06 7.25653e-06 7.75698e-06
3.25293e-06 1.50135e-06 1.25113e-06 2.00180e-06 1.75158e-06 3.00270e-06 1.75158e-06 3.00270e-06 4.00360e-06 4.50405e-06
3.75338e-06 2.75248e-06 1.50135e-06 1.75158e-06 2.50225e-06 2.25203e-06 1.75158e-06 2.50225e-06 3.25293e-06 4.75428e-06
4.00360e-06 1.25113e-06 2.50225e-06 1.75158e-06 2.75248e-06 3.50315e-06 2.25203e-06 2.50225e-06 1.50135e-06 4.25383e-06
3.50315e-06 2.25203e-06 2.75248e-06 2.50225e-06 2.00180e-06 2.00180e-06 1.50135e-06 1.75158e-06 1.75158e-06 3.25293e-06
2.25203e-06 1.50135e-06 2.75248e-06 2.25203e-06 2.75248e-06 2.75248e-06 2.25203e-06 1.75158e-06 2.00180e-06 3.50315e-06
5.50495e-06 4.75428e-06 2.50225e-06 3.00270e-06 2.75248e-06 3.00270e-06 2.50225e-06 1.25113e-06 2.50225e-06 4.75428e-06
3.25293e-06 2.00180e-06 1.75158e-06 2.25203e-06 2.00180e-06 1.50135e-06 2.25203e-06 2.25203e-06 1.50135e-06 2.50225e-06
8.00721e-06 6.25563e-06 4.25383e-06 4.50405e-06 3.25293e-06 3.75338e-06 3.00270e-06 3.25293e-06 3.00270e-06 7.25653e-06
6.75608e-06 3.25293e-06 6.00540e-06 4.50405e-06 5.00450e-06 4.75428e-06 5.00450e-06 2.75248e-06 2.00180e-06 4.00360e-06
3.50315e-06 1.25113e-06 2.50225e-06 2.00180e-06 1.75158e-06 7.50676e-07 2.25203e-06 1.50135e-06 1.25113e-06 2.75248e-06
4.00360e-06 1.75158e-06 3.50315e-06 2.50225e-06 2.25203e-06 1.50135e-06 2.25203e-06 2.75248e-06 3.00270e-06 3.25293e-06
3.25293e-06 1.00090e-06 1.50135e-06 2.00180e-06 7.50676e-07 1.75158e-06 2.00180e-06 1.25113e-06 3.00270e-06 2.75248e-06
1.75158e-06 3.00270e-06 1.75158e-06 1.75158e-06 2.25203e-06 2.00180e-06 2.00180e-06 2.25203e-06 3.50315e-06 3.75338e-06
3.25293e-06 2.75248e-06 3.75338e-06 2.00180e-06 2.50225e-06 2.25203e-06 2.50225e-06 1.75158e-06 1.50135e-06 2.75248e-06
4.00360e-06 2.50225e-06 2.75248e-06 1.00090e-06 1.50135e-06 1.50135e-06 2.00180e-06 2.00180e-06 1.50135e-06 2.75248e-06
3.50315e-06 2.50225e-06 2.00180e-06 1.75158e-06 2.00180e-06 1.00090e-06 1.00090e-06 2.25203e-06 2.00180e-06 2.50225e-06
7.50676e-06 6.50586e-06 3.75338e-06 3.50315e-06 5.00450e-06 4.00360e-06 4.00360e-06 6.25563e-06 4.50405e-06 6.00540e-06
1.02592e-05 5.50495e-06 4.50405e-06 5.25473e-06 4.25383e-06 5.50495e-06 4.75428e-06 4.50405e-06 5.25473e-06 7.00631e-06
2.50225e-06 1.50135e-06 1.00090e-06 3.25293e-06 1.25113e-06 2.75248e-06 3.50315e-06 2.00180e-06 2.75248e-06 3.25293e-06
3.75338e-06 2.00180e-06 1.75158e-06 3.50315e-06 2.00180e-06 1.75158e-06 3.00270e-06 5.50495e-06 4.25383e-06 4.25383e-06
2.00180e-06 7.50676e-07 1.75158e-06 2.75248e-06 1.75158e-06 1.00090e-06 2.25203e-06 2.00180e-06 1.75158e-06 3.75338e-06
2.25203e-06 4.00360e-06 2.50225e-06 2.00180e-06 2.75248e-06 1.75158e-06 3.75338e-06 2.25203e-06 2.50225e-06 4.25383e-06
1.50135e-06 2.50225e-06 3.00270e-06 2.75248e-06 2.75248e-06 1.75158e-06 2.50225e-06 2.25203e-06 1.75158e-06 3.50315e-06
4.00360e-06 1.75158e-06 2.75248e-06 3.00270e-06 2.50225e-06 3.00270e-06 2.75248e-06 2.50225e-06 4.50405e-06 4.50405e-06
2.75248e-06 1.75158e-06 3.25293e-06 1.75158e-06 1.50135e-06 3.00270e-06 7.50676e-07 2.25203e-06 3.75338e-06 3.75338e-06
5.25473e-06 4.25383e-06 4.00360e-06 4.00360e-06 4.75428e-06 5.50495e-06 5.50495e-06 5.50495e-06 8.50766e-06 8.50766e-06
7.50676e-06 4.50405e-06 5.25473e-06 5.25473e-06 5.25473e-06 5.25473e-06 5.00450e-06 5.00450e-06 7.25653e-06 7.75698e-06
6.50586e-06 1.75158e-06 2.75248e-06 2.25203e-06 2.50225e-06 1.75158e-06 2.00180e-06 2.00180e-06 2.25203e-06 4.00360e-06
4.50405e-06 2.75248e-06 2.25203e-06 1.50135e-06 1.00090e-06 2.00180e-06 1.25113e-06 1.75158e-06 2.25203e-06 4.00360e-06
1.75158e-06 3.00270e-06 2.50225e-06 2.25203e-06 1.50135e-06 1.75158e-06 2.00180e-06 1.75158e-06 1.00090e-06 5.00450e-06
2.75248e-06 1.75158e-06 2.75248e-06 4.00360e-06 2.50225e-06 3.25293e-06 2.75248e-06 1.25113e-06 1.25113e-06 3.75338e-06
3.50315e-06 1.25113e-06 2.75248e-06 2.25203e-06 2.50225e-06 3.00270e-06 2.75248e-06 2.50225e-06 2.75248e-06 4.25383e-06
3.50315e-06 1.50135e-06 1.50135e-06 2.00180e-06 1.25113e-06 1.75158e-06 4.50405e-06 2.25203e-06 4.25383e-06 3.75338e-06
3.75338e-06 2.75248e-06 2.25203e-06 2.75248e-06 2.25203e-06 2.25203e-06 1.50135e-06 1.50135e-06 2.25203e-06 3.75338e-06
6.75608e-06 5.00450e-06 7.00631e-06 5.25473e-06 5.50495e-06 5.00450e-06 6.00540e-06 7.50676e-06 5.50495e-06 7.25653e-06
7.25653e-06 4.25383e-06 5.00450e-06 5.50495e-06 5.25473e-06 5.50495e-06 5.75518e-06 5.25473e-06 7.00631e-06 8.25743e-06
4.25383e-06 2.75248e-06 2.75248e-06 1.25113e-06 2.50225e-06 3.75338e-06 1.75158e-06 1.50135e-06 2.50225e-06 2.75248e-06
4.00360e-06 4.00360e-06 2.75248e-06 1.50135e-06 2.75248e-06 1.50135e-06 3.25293e-06 1.00090e-06 2.00180e-06 2.75248e-06
5.50495e-06 3.25293e-06 2.75248e-06 2.00180e-06 3.50315e-06 2.75248e-06 2.75248e-06 1.50135e-06 2.00180e-06 5.00450e-06
2.75248e-06 2.50225e-06 2.50225e-06 3.25293e-06 3.00270e-06 2.50225e-06 3.25293e-06 1.25113e-06 1.00090e-06 4.25383e-06
2.25203e-06 3.00270e-06 3.50315e-06 3.00270e-06 3.50315e-06 3.00270e-06 2.00180e-06 1.75158e-06 2.00180e-06 3.25293e-06
2.50225e-06 3.75338e-06 2.75248e-06 2.50225e-06 2.50225e-06 4.25383e-06 1.75158e-06 2.00180e-06 1.75158e-06 2.25203e-06
5.25473e-06 3.50315e-06 2.00180e-06 2.75248e-06 2.00180e-06 3.00270e-06 3.00270e-06 3.25293e-06 1.75158e-06 3.50315e-06
7.00631e-06 6.00540e-06 5.50495e-06 5.75518e-06 4.75428e-06 6.00540e-06 5.25473e-06 4.75428e-06 5.25473e-06 7.50676e-06
8.00721e-06 4.25383e-06 6.75608e-06 6.75608e-06 4.75428e-06 6.00540e-06 3.25293e-06 4.25383e-06 5.50495e-06 6.75608e-06
4.00360e-06 3.25293e-06 2.00180e-06 2.25203e-06 1.00090e-06 3.00270e-06 2.00180e-06 3.00270e-06 2.00180e-06 4.25383e-06
3.00270e-06 3.25293e-06 3.00270e-06 3.75338e-06 2.75248e-06 2.50225e-06 3.50315e-06 3.50315e-06 5.00450e-06 5.25473e-06
2.75248e-06 2.75248e-06 3.00270e-06 2.75248e-06 3.25293e-06 2.25203e-06 2.25203e-06 1.75158e-06 4.50405e-06 5.25473e-06
7.00631e-06 3.00270e-06 3.25293e-06 3.00270e-06 4.50405e-06 5.00450e-06 3.50315e-06 5.25473e-06 5.00450e-06 7.75698e-06
