6.41214e-06 7.92088e-06 5.65777e-06 6.03496e-06 3.77185e-06 3.77185e-06 3.77185e-06 5.65777e-06 5.28059e-06 4.14903e-06 2.64029e-06 5.28059e-06 5.28059e-06 4.14903e-06 3.01748e-06 4.90340e-06 5.28059e-06 3.01748e-06 3.01748e-06 5.28059e-06 4.52622e-06 4.52622e-06 4.90340e-06 3.01748e-06 3.77185e-06 1.13155e-06 3.39466e-06 3.77185e-06 3.77185e-06 4.52622e-06
3.01748e-06 3.39466e-06 4.52622e-06 3.01748e-06 1.88592e-06 4.14903e-06 1.50874e-06 4.14903e-06 3.39466e-06 2.26311e-06 3.39466e-06 2.26311e-06 1.88592e-06 3.01748e-06 2.26311e-06 4.14903e-06 2.26311e-06 2.64029e-06 3.01748e-06 3.01748e-06 1.88592e-06 2.64029e-06 3.77185e-06 2.64029e-06 1.50874e-06 7.54370e-07 2.64029e-06 1.13155e-06 2.64029e-06 2.64029e-06
1.50874e-06 1.13155e-06 1.13155e-06 3.77185e-07 3.77185e-07 1.50874e-06 1.13155e-06 1.13155e-06 7.54370e-07 1.50874e-06 1.50874e-06 7.54370e-07 1.13155e-06 1.13155e-06 0.00000e+00 3.39466e-06 1.50874e-06 1.88592e-06 1.13155e-06 1.50874e-06 1.50874e-06 7.54370e-07 1.50874e-06 3.77185e-07 7.54370e-07 3.77185e-07 7.54370e-07 7.54370e-07 7.54370e-07 7.54370e-07
1.13155e-06 2.26311e-06 1.13155e-06 1.13155e-06 7.54370e-07 1.13155e-06 2.26311e-06 1.50874e-06 1.13155e-06 1.13155e-06 1.50874e-06 7.54370e-07 3.77185e-07 1.50874e-06 1.13155e-06 2.64029e-06 1.50874e-06 1.50874e-06 1.88592e-06 1.88592e-06 1.88592e-06 7.54370e-07 2.26311e-06 1.50874e-06 3.39466e-06 1.13155e-06 1.13155e-06 7.54370e-07 7.54370e-07 1.50874e-06
1.13155e-06 1.13155e-06 3.77185e-07 0.00000e+00 3.77185e-07 7.54370e-07 1.13155e-06 1.13155e-06 0.00000e+00 7.54370e-07 3.77185e-07 3.77185e-07 1.13155e-06 1.13155e-06 1.13155e-06 7.54370e-07 1.13155e-06 3.77185e-07 1.13155e-06 3.77185e-07 7.54370e-07 3.77185e-07 1.50874e-06 7.54370e-07 1.13155e-06 7.54370e-07 1.50874e-06 1.50874e-06 3.77185e-07 1.13155e-06
1.50874e-06 1.13155e-06 7.54370e-07 1.50874e-06 3.77185e-07 3.77185e-07 1.13155e-06 3.77185e-07 3.77185e-07 3.77185e-07 0.00000e+00 3.77185e-07 3.77185e-07 0.00000e+00 1.13155e-06 1.13155e-06 7.54370e-07 3.77185e-07 3.77185e-07 7.54370e-07 1.50874e-06 7.54370e-07 1.13155e-06 7.54370e-07 3.77185e-07 1.88592e-06 1.88592e-06 1.13155e-06 7.54370e-07 7.54370e-07
1.50874e-06 1.13155e-06 1.13155e-06 1.50874e-06 7.54370e-07 1.50874e-06 3.01748e-06 1.50874e-06 3.77185e-07 1.50874e-06 7.54370e-07 7.54370e-07 1.13155e-06 7.54370e-07 7.54370e-07 3.77185e-07 7.54370e-07 1.13155e-06 7.54370e-07 3.77185e-07 7.54370e-07 1.13155e-06 2.26311e-06 7.54370e-07 7.54370e-07 1.50874e-06 1.88592e-06 1.88592e-06 2.64029e-06 1.50874e-06
1.50874e-06 1.13155e-06 3.77185e-07 7.54370e-07 3.77185e-07 1.50874e-06 3.01748e-06 1.88592e-06 7.54370e-07 3.77185e-07 2.26311e-06 1.13155e-06 1.50874e-06 0.00000e+00 3.77185e-07 0.00000e+00 3.77185e-07 7.54370e-07 3.77185e-07 1.13155e-06 7.54370e-07 1.50874e-06 1.13155e-06 7.54370e-07 1.13155e-06 7.54370e-07 1.13155e-06 1.13155e-06 2.26311e-06 1.88592e-06
6.03496e-06 2.64029e-06 3.01748e-06 3.39466e-06 1.50874e-06 3.39466e-06 1.88592e-06 1.13155e-06 3.01748e-06 3.77185e-06 1.88592e-06 7.54370e-07 1.50874e-06 2.64029e-06 3.01748e-06 1.50874e-06 1.88592e-06 1.88592e-06 7.54370e-07 1.88592e-06 1.88592e-06 1.88592e-06 1.13155e-06 3.01748e-06 2.64029e-06 1.88592e-06 2.26311e-06 1.88592e-06 2.64029e-06 4.14903e-06
4.52622e-06 2.64029e-06 1.88592e-06 4.52622e-06 3.01748e-06 2.64029e-06 3.39466e-06 1.88592e-06 2.26311e-06 3.77185e-06 2.64029e-06 2.26311e-06 1.13155e-06 3.77185e-07 1.13155e-06 1.50874e-06 1.88592e-06 2.26311e-06 1.88592e-06 1.50874e-06 2.64029e-06 2.26311e-06 3.01748e-06 3.39466e-06 3.39466e-06 2.64029e-06 3.01748e-06 3.39466e-06 3.39466e-06 4.52622e-06
1.50874e-06 1.88592e-06 1.88592e-06 2.26311e-06 1.50874e-06 1.13155e-06 1.50874e-06 1.13155e-06 1.13155e-06 1.13155e-06 1.13155e-06 7.54370e-07 0.00000e+00 7.54370e-07 3.77185e-07 1.13155e-06 7.54370e-07 3.77185e-07 7.54370e-07 1.88592e-06 1.88592e-06 1.88592e-06 1.88592e-06 3.77185e-07 7.54370e-07 2.26311e-06 2.64029e-06 7.54370e-07 2.26311e-06 2.64029e-06
3.01748e-06 7.54370e-07 1.88592e-06 1.88592e-06 1.50874e-06 2.26311e-06 1.13155e-06 1.88592e-06 1.88592e-06 1.88592e-06 7.54370e-07 7.54370e-07 1.13155e-06 3.77185e-07 7.54370e-07 3.77185e-07 0.00000e+00 0.00000e+00 1.13155e-06 1.50874e-06 1.13155e-06 1.88592e-06 1.88592e-06 2.26311e-06 3.77185e-07 7.54370e-07 2.26311e-06 1.50874e-06 1.13155e-06 2.26311e-06
2.64029e-06 7.54370e-07 1.50874e-06 1.88592e-06 7.54370e-07 1.50874e-06 1.88592e-06 1.13155e-06 1.88592e-06 1.13155e-06 1.50874e-06 1.13155e-06 7.54370e-07 1.13155e-06 3.77185e-07 7.54370e-07 0.00000e+00 3.77185e-07 0.00000e+00 1.50874e-06 2.26311e-06 1.88592e-06 1.88592e-06 1.88592e-06 3.77185e-07 1.50874e-06 1.13155e-06 7.54370e-07 1.50874e-06 1.13155e-06
1.50874e-06 1.88592e-06 1.50874e-06 1.88592e-06 1.50874e-06 1.50874e-06 1.13155e-06 2.64029e-06 1.13155e-06 7.54370e-07 7.54370e-07 3.77185e-07 3.77185e-07 1.50874e-06 1.13155e-06 7.54370e-07 0.00000e+00 1.13155e-06 1.13155e-06 1.88592e-06 1.88592e-06 1.13155e-06 1.13155e-06 2.26311e-06 7.54370e-07 3.77185e-07 7.54370e-07 1.88592e-06 3.01748e-06 2.64029e-06
7.54370e-07 7.54370e-07 3.77185e-07 1.50874e-06 1.50874e-06 7.54370e-07 1.88592e-06 1.88592e-06 1.13155e-06 3.77185e-07 1.13155e-06 1.13155e-06 3.77185e-07 7.54370e-07 1.13155e-06 3.77185e-07 7.54370e-07 1.88592e-06 3.77185e-07 7.54370e-07 1.13155e-06 1.13155e-06 1.88592e-06 1.50874e-06 7.54370e-07 1.50874e-06 1.88592e-06 1.50874e-06 1.50874e-06 4.14903e-06
1.50874e-06 1.13155e-06 0.00000e+00 1.88592e-06 7.54370e-07 7.54370e-07 1.13155e-06 1.88592e-06 1.13155e-06 7.54370e-07 7.54370e-07 1.88592e-06 7.54370e-07 2.26311e-06 2.64029e-06 1.13155e-06 7.54370e-07 1.13155e-06 7.54370e-07 1.88592e-06 1.13155e-06 7.54370e-07 7.54370e-07 1.13155e-06 2.64029e-06 1.13155e-06 2.26311e-06 2.26311e-06 2.26311e-06 4.14903e-06
3.39466e-06 3.39466e-06 3.39466e-06 3.77185e-06 7.54370e-07 3.77185e-07 3.39466e-06 2.64029e-06 3.77185e-06 1.88592e-06 7.54370e-07 2.64029e-06 2.26311e-06 3.01748e-06 3.39466e-06 3.01748e-06 1.88592e-06 1.88592e-06 2.26311e-06 2.26311e-06 1.13155e-06 2.26311e-06 1.50874e-06 1.13155e-06 2.26311e-06 2.26311e-06 2.26311e-06 1.88592e-06 2.64029e-06 2.26311e-06
1.13155e-06 1.13155e-06 2.26311e-06 1.50874e-06 1.88592e-06 2.64029e-06 3.39466e-06 1.88592e-06 2.26311e-06 2.64029e-06 2.26311e-06 3.77185e-06 3.01748e-06 2.64029e-06 1.88592e-06 1.50874e-06 1.88592e-06 2.26311e-06 2.64029e-06 1.88592e-06 1.88592e-06 3.01748e-06 2.26311e-06 1.88592e-06 2.26311e-06 7.54370e-07 3.77185e-07 4.14903e-06 2.26311e-06 1.50874e-06
1.88592e-06 7.54370e-07 3.77185e-07 7.54370e-07 1.88592e-06 3.77185e-07 0.00000e+00 0.00000e+00 7.54370e-07 7.54370e-07 7.54370e-07 1.88592e-06 1.88592e-06 1.88592e-06 1.88592e-06 1.13155e-06 7.54370e-07 3.77185e-07 3.77185e-07 3.77185e-07 3.77185e-07 3.77185e-07 7.54370e-07 7.54370e-07 1.50874e-06 7.54370e-07 1.13155e-06 1.13155e-06 7.54370e-07 1.88592e-06
1.50874e-06 1.13155e-06 1.50874e-06 3.77185e-07 3.77185e-07 3.77185e-07 0.00000e+00 3.77185e-07 7.54370e-07 7.54370e-07 7.54370e-07 1.13155e-06 1.88592e-06 1.50874e-06 1.13155e-06 3.77185e-07 3.77185e-07 1.88592e-06 1.13155e-06 7.54370e-07 1.88592e-06 1.50874e-06 1.13155e-06 1.13155e-06 7.54370e-07 1.50874e-06 7.54370e-07 1.88592e-06 1.13155e-06 3.01748e-06
1.50874e-06 3.77185e-07 1.88592e-06 1.13155e-06 1.50874e-06 0.00000e+00 0.00000e+00 0.00000e+00 0.00000e+00 3.77185e-07 3.77185e-07 1.50874e-06 1.50874e-06 7.54370e-07 1.13155e-06 7.54370e-07 1.13155e-06 3.77185e-07 7.54370e-07 1.50874e-06 1.13155e-06 1.50874e-06 0.00000e+00 0.00000e+00 3.77185e-07 3.77185e-07 3.77185e-07 7.54370e-07 3.77185e-07 1.88592e-06
2.64029e-06 0.00000e+00 1.13155e-06 7.54370e-07 7.54370e-07 3.77185e-07 3.77185e-07 3.77185e-07 7.54370e-07 3.77185e-07 7.54370e-07 1.13155e-06 1.13155e-06 3.77185e-07 7.54370e-07 3.77185e-07 1.88592e-06 1.13155e-06 1.50874e-06 1.50874e-06 1.13155e-06 3.77185e-07 3.77185e-07 3.77185e-07 7.54370e-07 3.77185e-07 0.00000e+00 7.54370e-07 3.77185e-07 1.88592e-06
2.64029e-06 1.50874e-06 1.13155e-06 7.54370e-07 7.54370e-07 3.77185e-07 0.00000e+00 3.77185e-07 1.13155e-06 7.54370e-07 1.88592e-06 3.77185e-07 3.77185e-07 3.77185e-07 1.88592e-06 7.54370e-07 7.54370e-07 7.54370e-07 1.13155e-06 3.77185e-07 1.13155e-06 0.00000e+00 0.00000e+00 7.54370e-07 7.54370e-07 3.77185e-07 1.13155e-06 7.54370e-07 1.13155e-06 7.54370e-07
1.50874e-06 1.13155e-06 1.13155e-06 0.00000e+00 0.00000e+00 0.00000e+00 0.00000e+00 1.13155e-06 1.13155e-06 1.50874e-06 3.77185e-07 0.00000e+00 1.50874e-06 3.77185e-07 1.88592e-06 1.13155e-06 1.13155e-06 1.50874e-06 3.77185e-07 1.50874e-06 7.54370e-07 3.77185e-07 1.13155e-06 1.13155e-06 3.77185e-07 0.00000e+00 7.54370e-07 3.77185e-07 1.88592e-06 1.13155e-06
3.39466e-06 1.88592e-06 1.88592e-06 2.26311e-06 3.77185e-06 1.13155e-06 3.77185e-07 2.64029e-06 3.01748e-06 1.50874e-06 7.54370e-07 1.88592e-06 3.39466e-06 2.64029e-06 1.88592e-06 1.50874e-06 1.50874e-06 3.39466e-06 7.54370e-07 2.64029e-06 1.50874e-06 1.13155e-06 1.88592e-06 2.26311e-06 3.01748e-06 3.39466e-06 1.88592e-06 2.64029e-06 4.90340e-06 4.52622e-06
3.01748e-06 2.64029e-06 1.88592e-06 1.88592e-06 2.26311e-06 2.26311e-06 2.26311e-06 2.26311e-06 2.64029e-06 1.50874e-06 3.39466e-06 1.50874e-06 3.01748e-06 1.88592e-06 1.13155e-06 2.26311e-06 1.13155e-06 2.64029e-06 1.88592e-06 3.01748e-06 1.13155e-06 3.39466e-06 3.77185e-06 3.01748e-06 4.14903e-06 1.50874e-06 1.50874e-06 1.13155e-06 2.26311e-06 3.77185e-06
2.26311e-06 7.54370e-07 0.00000e+00 1.13155e-06 1.13155e-06 1.88592e-06 1.50874e-06 1.13155e-06 1.50874e-06 1.13155e-06 1.50874e-06 1.13155e-06 1.13155e-06 1.13155e-06 3.77185e-07 1.13155e-06 1.13155e-06 1.13155e-06 1.13155e-06 7.54370e-07 1.13155e-06 1.88592e-06 2.26311e-06 1.50874e-06 1.88592e-06 3.77185e-07 7.54370e-07 3.77185e-07 1.50874e-06 1.13155e-06
7.54370e-07 3.77185e-07 1.88592e-06 1.13155e-06 1.88592e-06 1.88592e-06 1.13155e-06 1.88592e-06 1.50874e-06 1.13155e-06 7.54370e-07 7.54370e-07 1.50874e-06 7.54370e-07 2.26311e-06 1.88592e-06 7.54370e-07 2.26311e-06 3.77185e-07 3.77185e-07 1.88592e-06 2.26311e-06 7.54370e-07 1.50874e-06 7.54370e-07 7.54370e-07 1.13155e-06 7.54370e-07 1.50874e-06 2.26311e-06
4.14903e-06 2.64029e-06 2.26311e-06 3.77185e-07 1.50874e-06 2.26311e-06 1.13155e-06 3.77185e-07 7.54370e-07 1.50874e-06 1.50874e-06 7.54370e-07 1.13155e-06 7.54370e-07 1.13155e-06 2.26311e-06 3.77185e-07 1.88592e-06 0.00000e+00 7.54370e-07 7.54370e-07 1.13155e-06 1.50874e-06 1.88592e-06 7.54370e-07 1.13155e-06 3.77185e-07 1.88592e-06 1.50874e-06 1.13155e-06
3.01748e-06 1.88592e-06 1.88592e-06 1.13155e-06 7.54370e-07 2.26311e-06 1.13155e-06 1.13155e-06 7.54370e-07 1.50874e-06 1.13155e-06 3.77185e-07 7.54370e-07 3.77185e-07 3.77185e-07 7.54370e-07 7.54370e-07 7.54370e-07 7.54370e-07 1.13155e-06 1.13155e-06 1.13155e-06 2.26311e-06 1.13155e-06 1.50874e-06 1.13155e-06 7.54370e-07 7.54370e-07 1.50874e-06 1.50874e-06
2.64029e-06 1.88592e-06 1.50874e-06 1.13155e-06 1.88592e-06 7.54370e-07 1.13155e-06 0.00000e+00 7.54370e-07 7.54370e-07 1.13155e-06 1.13155e-06 3.77185e-07 7.54370e-07 3.77185e-07 7.54370e-07 3.77185e-07 3.77185e-07 7.54370e-07 1.13155e-06 2.26311e-06 3.77185e-07 0.00000e+00 7.54370e-07 1.13155e-06 2.26311e-06 3.77185e-07 3.77185e-07 1.88592e-06 2.26311e-06
1.88592e-06 3.01748e-06 1.50874e-06 1.88592e-06 1.50874e-06 1.13155e-06 1.50874e-06 3.77185e-07 0.00000e+00 0.00000e+00 7.54370e-07 1.13155e-06 3.77185e-07 3.77185e-07 7.54370e-07 1.13155e-06 1.13155e-06 7.54370e-07 0.00000e+00 3.77185e-07 2.26311e-06 7.54370e-07 7.54370e-07 1.13155e-06 1.88592e-06 1.88592e-06 1.50874e-06 3.77185e-07 1.88592e-06 2.64029e-06
2.64029e-06 2.64029e-06 3.01748e-06 2.64029e-06 1.13155e-06 1.13155e-06 2.26311e-06 1.13155e-06 1.13155e-06 1.13155e-06 1.13155e-06 1.88592e-06 7.54370e-07 2.26311e-06 1.13155e-06 7.54370e-07 3.77185e-07 7.54370e-07 3.01748e-06 2.26311e-06 1.88592e-06 1.50874e-06 1.50874e-06 3.01748e-06 2.26311e-06 2.64029e-06 2.64029e-06 1.50874e-06 2.64029e-06 3.77185e-06
2.64029e-06 2.26311e-06 3.77185e-06 3.01748e-06 2.64029e-06 7.54370e-07 1.13155e-06 1.13155e-06 3.77185e-07 2.26311e-06 3.39466e-06 3.39466e-06 3.77185e-07 7.54370e-07 1.50874e-06 2.26311e-06 2.26311e-06 2.26311e-06 1.88592e-06 3.39466e-06 2.26311e-06 2.26311e-06 1.50874e-06 3.77185e-06 2.64029e-06 1.50874e-06 4.14903e-06 4.14903e-06 3.01748e-06 3.77185e-06
1.13155e-06 3.77185e-07 7.54370e-07 2.64029e-06 1.88592e-06 1.50874e-06 1.13155e-06 1.13155e-06 1.13155e-06 1.13155e-06 3.77185e-07 3.77185e-07 0.00000e+00 3.77185e-07 0.00000e+00 7.54370e-07 3.77185e-07 1.50874e-06 1.13155e-06 7.54370e-07 7.54370e-07 3.77185e-07 7.54370e-07 1.50874e-06 0.00000e+00 7.54370e-07 3.01748e-06 1.50874e-06 1.50874e-06 1.88592e-06
2.26311e-06 1.50874e-06 1.88592e-06 7.54370e-07 3.77185e-07 1.50874e-06 1.13155e-06 7.54370e-07 1.13155e-06 3.77185e-07 1.88592e-06 1.50874e-06 7.54370e-07 3.77185e-07 3.77185e-07 3.77185e-07 1.13155e-06 1.50874e-06 7.54370e-07 1.13155e-06 1.88592e-06 3.77185e-07 1.50874e-06 1.13155e-06 7.54370e-07 1.88592e-06 3.39466e-06 2.26311e-06 7.54370e-07 3.01748e-06
1.50874e-06 7.54370e-07 7.54370e-07 0.00000e+00 1.13155e-06 3.77185e-07 1.13155e-06 1.13155e-06 1.13155e-06 1.50874e-06 3.77185e-07 1.13155e-06 7.54370e-07 1.88592e-06 1.13155e-06 1.13155e-06 1.50874e-06 7.54370e-07 1.88592e-06 2.26311e-06 1.88592e-06 3.77185e-07 7.54370e-07 1.13155e-06 7.54370e-07 1.88592e-06 1.50874e-06 2.64029e-06 1.50874e-06 1.50874e-06
2.26311e-06 3.77185e-07 1.50874e-06 7.54370e-07 0.00000e+00 7.54370e-07 1.13155e-06 7.54370e-07 0.00000e+00 7.54370e-07 3.77185e-07 7.54370e-07 1.13155e-06 1.50874e-06 2.26311e-06 7.54370e-07 1.50874e-06 3.77185e-07 2.26311e-06 1.50874e-06 1.13155e-06 7.54370e-07 1.50874e-06 7.54370e-07 1.50874e-06 1.13155e-06 1.13155e-06 1.50874e-06 1.88592e-06 1.88592e-06
1.50874e-06 1.50874e-06 7.54370e-07 1.50874e-06 0.00000e+00 7.54370e-07 1.50874e-06 1.88592e-06 7.54370e-07 3.77185e-07 3.77185e-07 1.50874e-06 3.77185e-07 1.88592e-06 1.13155e-06 7.54370e-07 1.13155e-06 3.77185e-07 7.54370e-07 1.13155e-06 7.54370e-07 1.13155e-06 7.54370e-07 7.54370e-07 1.50874e-06 1.88592e-06 2.26311e-06 7.54370e-07 2.64029e-06 3.01748e-06
7.54370e-07 1.50874e-06 3.77185e-07 1.88592e-06 1.13155e-06 2.26311e-06 7.54370e-07 0.00000e+00 1.13155e-06 3.77185e-07 1.50874e-06 1.13155e-06 0.00000e+00 1.13155e-06 4.14903e-06 7.54370e-07 3.77185e-07 7.54370e-07 1.50874e-06 1.13155e-06 1.88592e-06 2.64029e-06 3.77185e-07 7.54370e-07 1.13155e-06 7.54370e-07 2.26311e-06 1.50874e-06 1.50874e-06 1.13155e-06
3.39466e-06 4.52622e-06 2.64029e-06 2.26311e-06 1.88592e-06 3.39466e-06 3.39466e-06 1.50874e-06 2.64029e-06 3.77185e-06 2.64029e-06 1.88592e-06 1.50874e-06 1.13155e-06 3.01748e-06 2.64029e-06 3.77185e-07 1.88592e-06 2.26311e-06 2.26311e-06 2.64029e-06 3.77185e-07 1.13155e-06 1.13155e-06 7.54370e-07 3.77185e-07 2.26311e-06 3.77185e-06 3.01748e-06 2.64029e-06
2.64029e-06 2.26311e-06 1.13155e-06 3.01748e-06 3.01748e-06 2.26311e-06 3.77185e-07 3.01748e-06 1.50874e-06 1.88592e-06 1.88592e-06 1.50874e-06 7.54370e-07 1.13155e-06 7.54370e-07 1.13155e-06 1.50874e-06 2.26311e-06 1.88592e-06 1.50874e-06 2.64029e-06 3.39466e-06 1.13155e-06 2.26311e-06 1.50874e-06 1.88592e-06 1.13155e-06 3.01748e-06 2.64029e-06 3.39466e-06
2.26311e-06 0.00000e+00 7.54370e-07 1.13155e-06 3.77185e-07 1.88592e-06 1.50874e-06 0.00000e+00 3.77185e-07 7.54370e-07 3.77185e-07 0.00000e+00 3.77185e-07 0.00000e+00 7.54370e-07 3.77185e-07 3.77185e-07 1.13155e-06 1.50874e-06 1.50874e-06 1.50874e-06 1.50874e-06 1.13155e-06 1.13155e-06 7.54370e-07 1.13155e-06 1.50874e-06 3.77185e-07 1.13155e-06 7.54370e-07
3.01748e-06 1.13155e-06 0.00000e+00 3.77185e-07 3.77185e-07 7.54370e-07 1.50874e-06 7.54370e-07 1.13155e-06 1.13155e-06 1.50874e-06 1.88592e-06 1.13155e-06 3.77185e-07 0.00000e+00 3.77185e-07 7.54370e-07 7.54370e-07 1.88592e-06 1.50874e-06 1.13155e-06 7.54370e-07 1.50874e-06 7.54370e-07 7.54370e-07 1.50874e-06 1.88592e-06 2.64029e-06 1.88592e-06 7.54370e-07
3.77185e-06 1.13155e-06 3.77185e-07 3.77185e-07 1.13155e-06 1.13155e-06 3.77185e-07 7.54370e-07 1.13155e-06 0.00000e+00 7.54370e-07 3.77185e-07 3.77185e-07 3.77185e-07 3.77185e-07 7.54370e-07 0.00000e+00 1.50874e-06 7.54370e-07 1.50874e-06 7.54370e-07 7.54370e-07 7.54370e-07 1.13155e-06 1.50874e-06 7.54370e-07 1.50874e-06 2.26311e-06 1.88592e-06 0.00000e+00
2.64029e-06 1.88592e-06 3.77185e-07 1.13155e-06 1.50874e-06 0.00000e+00 1.50874e-06 7.54370e-07 7.54370e-07 1.13155e-06 7.54370e-07 3.77185e-07 1.13155e-06 1.13155e-06 1.13155e-06 3.77185e-07 7.54370e-07 3.77185e-07 7.54370e-07 7.54370e-07 3.77185e-07 1.13155e-06 3.77185e-07 1.13155e-06 1.88592e-06 7.54370e-07 1.88592e-06 1.88592e-06 2.64029e-06 2.26311e-06
2.26311e-06 1.50874e-06 1.13155e-06 7.54370e-07 7.54370e-07 7.54370e-07 1.13155e-06 1.13155e-06 1.13155e-06 0.00000e+00 1.50874e-06 3.77185e-07 1.13155e-06 3.77185e-07 7.54370e-07 1.13155e-06 7.54370e-07 7.54370e-07 7.54370e-07 1.13155e-06 1.88592e-06 3.77185e-07 1.13155e-06 3.77185e-07 1.50874e-06 3.77185e-07 7.54370e-07 7.54370e-07 7.54370e-07 3.01748e-06
1.88592e-06 3.77185e-07 7.54370e-07 1.50874e-06 1.88592e-06 1.13155e-06 7.54370e-07 1.13155e-06 3.77185e-07 7.54370e-07 7.54370e-07 1.13155e-06 1.50874e-06 7.54370e-07 1.13155e-06 0.00000e+00 3.77185e-07 3.77185e-07 1.13155e-06 7.54370e-07 7.54370e-07 1.13155e-06 1.13155e-06 7.54370e-07 0.00000e+00 3.77185e-07 7.54370e-07 3.77185e-07 0.00000e+00 1.88592e-06
3.01748e-06 2.64029e-06 1.88592e-06 1.88592e-06 2.26311e-06 1.50874e-06 1.13155e-06 1.88592e-06 7.54370e-07 0.00000e+00 1.50874e-06 7.54370e-07 7.54370e-07 2.26311e-06 1.88592e-06 3.77185e-07 3.77185e-07 1.88592e-06 0.00000e+00 1.50874e-06 1.50874e-06 2.64029e-06 2.64029e-06 1.50874e-06 3.39466e-06 3.01748e-06 1.13155e-06 3.39466e-06 1.50874e-06 4.52622e-06
3.01748e-06 1.88592e-06 1.13155e-06 1.50874e-06 1.88592e-06 1.88592e-06 3.77185e-06 2.64029e-06 3.77185e-07 7.54370e-07 1.13155e-06 1.50874e-06 3.39466e-06 1.50874e-06 1.88592e-06 0.00000e+00 1.50874e-06 1.13155e-06 1.88592e-06 2.64029e-06 2.26311e-06 2.64029e-06 7.54370e-07 3.01748e-06 3.39466e-06 1.50874e-06 2.26311e-06 2.26311e-06 2.64029e-06 3.39466e-06
3.01748e-06 1.50874e-06 7.54370e-07 7.54370e-07 7.54370e-07 7.54370e-07 1.13155e-06 7.54370e-07 7.54370e-07 1.50874e-06 3.77185e-07 7.54370e-07 1.50874e-06 1.13155e-06 3.77185e-07 1.13155e-06 3.77185e-07 3.77185e-07 2.26311e-06 1.13155e-06 7.54370e-07 0.00000e+00 3.77185e-07 1.88592e-06 1.50874e-06 1.13155e-06 1.13155e-06 7.54370e-07 7.54370e-07 1.13155e-06
2.26311e-06 7.54370e-07 1.13155e-06 1.50874e-06 0.00000e+00 7.54370e-07 1.13155e-06 3.77185e-07 3.77185e-07 3.77185e-07 3.77185e-07 7.54370e-07 7.54370e-07 3.77185e-07 3.77185e-07 7.54370e-07 7.54370e-07 3.77185e-07 1.50874e-06 1.50874e-06 3.77185e-07 3.77185e-07 3.77185e-07 0.00000e+00 3.77185e-07 7.54370e-07 7.54370e-07 2.26311e-06 2.64029e-06 7.54370e-07
0.00000e+00 0.00000e+00 0.00000e+00 0.00000e+00 0.00000e+00 3.77185e-07 7.54370e-07 3.77185e-07 0.00000e+00 0.00000e+00 1.13155e-06 7.54370e-07 1.13155e-06 3.77185e-07 3.77185e-07 3.77185e-07 3.77185e-07 3.77185e-07 1.50874e-06 7.54370e-07 1.13155e-06 7.54370e-07 0.00000e+00 1.13155e-06 7.54370e-07 7.54370e-07 1.13155e-06 1.13155e-06 7.54370e-07 7.54370e-07
1.13155e-06 1.13155e-06 7.54370e-07 1.13155e-06 7.54370e-07 7.54370e-07 7.54370e-07 7.54370e-07 1.13155e-06 7.54370e-07 0.00000e+00 1.13155e-06 1.50874e-06 0.00000e+00 3.77185e-07 7.54370e-07 1.13155e-06 7.54370e-07 1.50874e-06 1.13155e-06 1.50874e-06 3.77185e-07 7.54370e-07 7.54370e-07 7.54370e-07 3.77185e-07 3.77185e-07 0.00000e+00 3.77185e-07 1.88592e-06
1.13155e-06 1.50874e-06 1.50874e-06 1.50874e-06 1.50874e-06 3.77185e-07 3.77185e-07 1.13155e-06 3.77185e-07 3.77185e-07 0.00000e+00 3.77185e-07 3.77185e-07 0.00000e+00 3.77185e-07 1.50874e-06 1.13155e-06 3.77185e-07 3.77185e-07 1.88592e-06 2.26311e-06 7.54370e-07 1.50874e-06 1.50874e-06 1.13155e-06 3.77185e-07 7.54370e-07 1.50874e-06 1.50874e-06 1.50874e-06
1.50874e-06 2.26311e-06 1.50874e-06 1.50874e-06 3.77185e-07 1.88592e-06 1.50874e-06 1.13155e-06 3.77185e-07 3.77185e-07 3.77185e-07 7.54370e-07 3.77185e-07 1.13155e-06 1.50874e-06 1.88592e-06 7.54370e-07 7.54370e-07 1.13155e-06 1.13155e-06 1.50874e-06 7.54370e-07 1.50874e-06 7.54370e-07 1.13155e-06 1.50874e-06 1.50874e-06 3.77185e-07 1.13155e-06 7.54370e-07
3.77185e-06 2.64029e-06 2.26311e-06 3.77185e-07 2.26311e-06 2.64029e-06 1.88592e-06 1.50874e-06 2.26311e-06 2.64029e-06 2.64029e-06 1.88592e-06 2.64029e-06 3.77185e-06 3.01748e-06 3.39466e-06 1.13155e-06 1.50874e-06 2.64029e-06 3.01748e-06 2.64029e-06 2.26311e-06 1.88592e-06 1.50874e-06 2.64029e-06 1.50874e-06 3.77185e-07 7.54370e-07 3.01748e-06 3.01748e-06
3.39466e-06 1.88592e-06 2.26311e-06 1.13155e-06 1.88592e-06 1.50874e-06 1.13155e-06 1.50874e-06 1.88592e-06 1.50874e-06 2.26311e-06 1.88592e-06 1.50874e-06 1.88592e-06 3.77185e-07 1.88592e-06 2.26311e-06 3.77185e-06 1.13155e-06 7.54370e-07 2.64029e-06 1.13155e-06 1.13155e-06 7.54370e-07 1.13155e-06 3.77185e-07 1.88592e-06 1.13155e-06 1.50874e-06 1.13155e-06
2.64029e-06 7.54370e-07 0.00000e+00 7.54370e-07 2.64029e-06 1.50874e-06 1.13155e-06 0.00000e+00 7.54370e-07 1.13155e-06 7.54370e-07 1.50874e-06 7.54370e-07 3.77185e-07 0.00000e+00 3.77185e-07 1.13155e-06 1.88592e-06 3.77185e-07 1.88592e-06 1.50874e-06 1.13155e-06 3.77185e-07 7.54370e-07 1.13155e-06 7.54370e-07 7.54370e-07 7.54370e-07 1.13155e-06 2.26311e-06
1.50874e-06 1.50874e-06 2.26311e-06 7.54370e-07 1.88592e-06 1.50874e-06 3.77185e-07 1.50874e-06 1.50874e-06 1.13155e-06 1.50874e-06 7.54370e-07 7.54370e-07 0.00000e+00 1.13155e-06 1.50874e-06 1.13155e-06 2.64029e-06 0.00000e+00 1.13155e-06 0.00000e+00 1.88592e-06 0.00000e+00 7.54370e-07 3.77185e-07 1.88592e-06 2.26311e-06 0.00000e+00 1.88592e-06 1.50874e-06
1.88592e-06 0.00000e+00 7.54370e-07 7.54370e-07 3.77185e-07 3.77185e-07 3.77185e-07 3.77185e-07 7.54370e-07 3.77185e-07 2.64029e-06 3.77185e-07 3.77185e-07 0.00000e+00 3.77185e-07 7.54370e-07 1.13155e-06 2.26311e-06 7.54370e-07 0.00000e+00 1.13155e-06 7.54370e-07 1.13155e-06 1.88592e-06 3.77185e-07 7.54370e-07 3.77185e-07 0.00000e+00 7.54370e-07 1.13155e-06
1.50874e-06 3.77185e-07 0.00000e+00 7.54370e-07 7.54370e-07 3.77185e-07 3.77185e-07 1.88592e-06 7.54370e-07 3.77185e-07 1.88592e-06 7.54370e-07 3.77185e-07 7.54370e-07 3.77185e-07 7.54370e-07 1.13155e-06 1.50874e-06 3.77185e-07 1.50874e-06 7.54370e-07 7.54370e-07 1.13155e-06 3.77185e-07 7.54370e-07 3.77185e-07 7.54370e-07 3.77185e-07 1.13155e-06 1.50874e-06
1.88592e-06 3.77185e-07 1.50874e-06 3.77185e-07 7.54370e-07 3.77185e-07 7.54370e-07 1.13155e-06 1.13155e-06 7.54370e-07 1.50874e-06 3.77185e-07 1.88592e-06 1.13155e-06 2.26311e-06 0.00000e+00 0.00000e+00 1.50874e-06 7.54370e-07 1.13155e-06 0.00000e+00 1.50874e-06 1.50874e-06 3.77185e-07 7.54370e-07 1.13155e-06 1.88592e-06 2.26311e-06 7.54370e-07 3.01748e-06
1.50874e-06 1.13155e-06 1.13155e-06 7.54370e-07 7.54370e-07 0.00000e+00 0.00000e+00 3.77185e-07 1.13155e-06 3.77185e-07 1.13155e-06 3.77185e-07 3.77185e-07 1.88592e-06 1.13155e-06 7.54370e-07 7.54370e-07 1.13155e-06 3.77185e-07 0.00000e+00 0.00000e+00 7.54370e-07 3.77185e-07 7.54370e-07 1.88592e-06 7.54370e-07 7.54370e-07 1.88592e-06 1.13155e-06 3.01748e-06
3.39466e-06 2.64029e-06 2.26311e-06 2.26311e-06 1.50874e-06 1.13155e-06 1.88592e-06 1.13155e-06 1.50874e-06 3.01748e-06 2.26311e-06 3.01748e-06 1.13155e-06 1.50874e-06 7.54370e-07 1.50874e-06 1.88592e-06 1.88592e-06 1.13155e-06 1.50874e-06 2.26311e-06 7.54370e-07 1.88592e-06 7.54370e-07 3.01748e-06 1.88592e-06 1.88592e-06 4.14903e-06 2.26311e-06 4.52622e-06
3.77185e-06 3.77185e-06 2.64029e-06 1.50874e-06 1.50874e-06 1.88592e-06 3.01748e-06 1.13155e-06 3.01748e-06 2.26311e-06 1.50874e-06 1.13155e-06 7.54370e-07 1.50874e-06 1.50874e-06 1.13155e-06 0.00000e+00 1.88592e-06 2.64029e-06 1.88592e-06 1.88592e-06 2.26311e-06 3.77185e-06 1.88592e-06 1.50874e-06 2.26311e-06 2.26311e-06 3.77185e-06 2.64029e-06 3.39466e-06
1.88592e-06 7.54370e-07 1.13155e-06 7.54370e-07 1.13155e-06 1.88592e-06 1.13155e-06 1.13155e-06 1.13155e-06 1.13155e-06 7.54370e-07 3.77185e-07 1.13155e-06 7.54370e-07 0.00000e+00 3.77185e-07 7.54370e-07 7.54370e-07 1.50874e-06 7.54370e-07 7.54370e-07 1.13155e-06 1.13155e-06 1.13155e-06 7.54370e-07 1.13155e-06 3.77185e-07 1.13155e-06 1.88592e-06 1.88592e-06
1.88592e-06 1.13155e-06 1.50874e-06 1.88592e-06 1.13155e-06 3.01748e-06 1.88592e-06 1.50874e-06 1.13155e-06 1.88592e-06 1.50874e-06 7.54370e-07 7.54370e-07 1.50874e-06 0.00000e+00 3.77185e-07 3.77185e-07 3.77185e-07 7.54370e-07 0.00000e+00 3.77185e-07 7.54370e-07 3.77185e-07 7.54370e-07 1.13155e-06 1.13155e-06 1.13155e-06 1.88592e-06 7.54370e-07 1.50874e-06
1.88592e-06 3.77185e-07 7.54370e-07 1.13155e-06 3.77185e-07 1.13155e-06 1.13155e-06 1.50874e-06 1.13155e-06 7.54370e-07 1.13155e-06 3.01748e-06 1.13155e-06 7.54370e-07 0.00000e+00 0.00000e+00 1.13155e-06 7.54370e-07 3.77185e-07 7.54370e-07 7.54370e-07 1.13155e-06 1.50874e-06 0.00000e+00 7.54370e-07 1.13155e-06 3.77185e-07 1.13155e-06 3.77185e-07 7.54370e-07
3.77185e-06 7.54370e-07 1.88592e-06 1.13155e-06 3.77185e-07 7.54370e-07 7.54370e-07 3.77185e-07 2.26311e-06 7.54370e-07 7.54370e-07 7.54370e-07 0.00000e+00 0.00000e+00 0.00000e+00 3.77185e-07 7.54370e-07 1.13155e-06 7.54370e-07 1.13155e-06 3.77185e-07 7.54370e-07 1.88592e-06 7.54370e-07 1.50874e-06 0.00000e+00 1.50874e-06 3.77185e-07 3.77185e-07 1.50874e-06
4.52622e-06 1.50874e-06 1.13155e-06 1.50874e-06 7.54370e-07 1.50874e-06 7.54370e-07 1.13155e-06 2.26311e-06 0.00000e+00 3.77185e-07 3.77185e-07 0.00000e+00 7.54370e-07 3.77185e-07 3.77185e-07 3.77185e-07 3.77185e-07 0.00000e+00 1.88592e-06 1.50874e-06 3.77185e-07 2.26311e-06 1.50874e-06 3.77185e-07 1.50874e-06 7.54370e-07 1.13155e-06 7.54370e-07 1.88592e-06
1.88592e-06 2.26311e-06 3.77185e-07 1.50874e-06 7.54370e-07 7.54370e-07 3.77185e-07 3.77185e-07 1.88592e-06 7.54370e-07 1.50874e-06 3.77185e-07 1.13155e-06 1.50874e-06 1.13155e-06 0.00000e+00 0.00000e+00 3.77185e-07 3.77185e-07 3.77185e-07 3.77185e-07 1.50874e-06 1.50874e-06 7.54370e-07 0.00000e+00 0.00000e+00 7.54370e-07 1.13155e-06 7.54370e-07 1.88592e-06
4.14903e-06 1.13155e-06 1.88592e-06 1.88592e-06 1.88592e-06 1.50874e-06 1.88592e-06 1.13155e-06 1.50874e-06 2.26311e-06 2.64029e-06 2.26311e-06 1.50874e-06 1.88592e-06 1.88592e-06 1.13155e-06 7.54370e-07 1.13155e-06 1.13155e-06 1.88592e-06 1.50874e-06 1.50874e-06 7.54370e-07 7.54370e-07 7.54370e-07 1.50874e-06 1.88592e-06 3.77185e-07 1.50874e-06 4.52622e-06
4.14903e-06 1.50874e-06 1.88592e-06 1.88592e-06 2.26311e-06 1.88592e-06 1.13155e-06 1.50874e-06 1.88592e-06 1.88592e-06 1.50874e-06 3.01748e-06 1.50874e-06 2.64029e-06 3.01748e-06 7.54370e-07 7.54370e-07 1.50874e-06 7.54370e-07 2.64029e-06 1.88592e-06 1.88592e-06 1.13155e-06 1.88592e-06 2.26311e-06 1.50874e-06 2.26311e-06 1.13155e-06 1.88592e-06 3.01748e-06
1.50874e-06 7.54370e-07 1.50874e-06 1.13155e-06 1.13155e-06 1.13155e-06 3.77185e-07 1.13155e-06 1.50874e-06 7.54370e-07 3.77185e-07 7.54370e-07 1.88592e-06 1.50874e-06 7.54370e-07 7.54370e-07 3.77185e-07 0.00000e+00 7.54370e-07 1.50874e-06 1.13155e-06 7.54370e-07 7.54370e-07 1.13155e-06 3.77185e-07 7.54370e-07 1.13155e-06 1.13155e-06 3.77185e-07 7.54370e-07
1.50874e-06 3.77185e-07 1.88592e-06 1.88592e-06 7.54370e-07 1.88592e-06 0.00000e+00 1.13155e-06 1.13155e-06 3.77185e-07 1.50874e-06 1.13155e-06 1.50874e-06 3.77185e-07 7.54370e-07 3.77185e-07 7.54370e-07 1.50874e-06 1.50874e-06 1.50874e-06 7.54370e-07 1.13155e-06 3.77185e-07 1.13155e-06 7.54370e-07 1.50874e-06 1.50874e-06 1.50874e-06 7.54370e-07 1.50874e-06
1.88592e-06 3.77185e-07 7.54370e-07 3.77185e-07 3.77185e-07 7.54370e-07 0.00000e+00 7.54370e-07 1.13155e-06 1.13155e-06 1.13155e-06 1.13155e-06 1.50874e-06 1.13155e-06 1.88592e-06 7.54370e-07 7.54370e-07 1.88592e-06 7.54370e-07 2.26311e-06 7.54370e-07 7.54370e-07 0.00000e+00 3.77185e-07 3.77185e-07 3.77185e-07 7.54370e-07 7.54370e-07 1.50874e-06 1.50874e-06
1.50874e-06 3.77185e-07 1.50874e-06 3.77185e-07 7.54370e-07 3.77185e-07 1.50874e-06 0.00000e+00 7.54370e-07 1.13155e-06 1.13155e-06 3.77185e-07 7.54370e-07 2.64029e-06 1.13155e-06 7.54370e-07 1.50874e-06 1.50874e-06 1.88592e-06 1.50874e-06 1.50874e-06 7.54370e-07 3.77185e-07 7.54370e-07 7.54370e-07 1.13155e-06 7.54370e-07 1.13155e-06 1.13155e-06 2.26311e-06
2.26311e-06 3.77185e-07 1.50874e-06 1.13155e-06 7.54370e-07 3.77185e-07 1.50874e-06 7.54370e-07 7.54370e-07 1.88592e-06 1.50874e-06 2.26311e-06 2.26311e-06 1.13155e-06 0.00000e+00 0.00000e+00 7.54370e-07 1.50874e-06 1.88592e-06 1.13155e-06 2.64029e-06 1.88592e-06 7.54370e-07 1.13155e-06 1.50874e-06 1.50874e-06 1.13155e-06 1.13155e-06 2.26311e-06 3.01748e-06
1.88592e-06 1.13155e-06 1.13155e-06 0.00000e+00 0.00000e+00 7.54370e-07 3.77185e-07 7.54370e-07 7.54370e-07 7.54370e-07 3.77185e-07 1.13155e-06 1.88592e-06 7.54370e-07 3.77185e-07 7.54370e-07 0.00000e+00 7.54370e-07 1.13155e-06 1.50874e-06 1.13155e-06 1.50874e-06 1.13155e-06 1.13155e-06 1.13155e-06 3.77185e-07 7.54370e-07 1.13155e-06 1.50874e-06 2.64029e-06
2.26311e-06 7.54370e-07 1.50874e-06 1.13155e-06 1.88592e-06 7.54370e-07 2.26311e-06 1.13155e-06 2.26311e-06 1.13155e-06 1.13155e-06 1.88592e-06 1.88592e-06 7.54370e-07 1.13155e-06 1.88592e-06 1.13155e-06 1.50874e-06 2.26311e-06 1.50874e-06 3.39466e-06 2.26311e-06 1.50874e-06 2.26311e-06 3.01748e-06 2.64029e-06 1.88592e-06 1.88592e-06 3.01748e-06 3.39466e-06
3.39466e-06 2.26311e-06 1.13155e-06 3.01748e-06 1.88592e-06 2.64029e-06 1.88592e-06 7.54370e-07 1.13155e-06 2.64029e-06 2.26311e-06 1.50874e-06 7.54370e-07 1.50874e-06 1.50874e-06 1.88592e-06 1.13155e-06 7.54370e-07 1.50874e-06 2.64029e-06 2.26311e-06 1.50874e-06 1.50874e-06 1.88592e-06 3.39466e-06 2.26311e-06 2.64029e-06 2.26311e-06 3.01748e-06 3.77185e-06
1.88592e-06 1.50874e-06 1.13155e-06 7.54370e-07 1.88592e-06 1.13155e-06 1.13155e-06 7.54370e-07 1.13155e-06 2.64029e-06 7.54370e-07 7.54370e-07 0.00000e+00 7.54370e-07 3.77185e-07 3.77185e-07 3.77185e-07 3.77185e-07 7.54370e-07 3.77185e-07 1.13155e-06 0.00000e+00 7.54370e-07 1.88592e-06 1.13155e-06 1.13155e-06 3.77185e-07 1.50874e-06 3.77185e-07 1.50874e-06
1.88592e-06 1.13155e-06 7.54370e-07 1.13155e-06 7.54370e-07 7.54370e-07 7.54370e-07 7.54370e-07 1.50874e-06 1.88592e-06 7.54370e-07 1.13155e-06 1.13155e-06 7.54370e-07 3.77185e-07 0.00000e+00 3.77185e-07 7.54370e-07 7.54370e-07 7.54370e-07 0.00000e+00 1.50874e-06 1.50874e-06 1.50874e-06 1.13155e-06 1.88592e-06 0.00000e+00 7.54370e-07 0.00000e+00 1.50874e-06
0.00000e+00 1.13155e-06 7.54370e-07 3.77185e-07 7.54370e-07 7.54370e-07 0.00000e+00 1.13155e-06 7.54370e-07 7.54370e-07 3.77185e-07 7.54370e-07 3.77185e-07 0.00000e+00 3.77185e-07 0.00000e+00 0.00000e+00 3.77185e-07 3.77185e-07 3.77185e-07 1.13155e-06 3.77185e-07 2.26311e-06 3.77185e-07 1.13155e-06 3.77185e-07 0.00000e+00 0.00000e+00 7.54370e-07 1.88592e-06
2.26311e-06 0.00000e+00 7.54370e-07 7.54370e-07 3.01748e-06 1.13155e-06 1.13155e-06 1.50874e-06 1.13155e-06 7.54370e-07 7.54370e-07 3.77185e-07 3.77185e-07 1.50874e-06 0.00000e+00 0.00000e+00 3.77185e-07 7.54370e-07 1.50874e-06 1.13155e-06 3.77185e-07 0.00000e+00 1.88592e-06 3.77185e-07 1.13155e-06 7.54370e-07 0.00000e+00 0.00000e+00 0.00000e+00 1.50874e-06
1.88592e-06 1.88592e-06 1.50874e-06 3.77185e-07 1.13155e-06 1.13155e-06 3.77185e-07 1.50874e-06 3.77185e-07 1.50874e-06 1.50874e-06 7.54370e-07 7.54370e-07 1.13155e-06 1.13155e-06 3.77185e-07 7.54370e-07 7.54370e-07 7.54370e-07 0.00000e+00 3.77185e-07 3.77185e-07 7.54370e-07 1.13155e-06 1.13155e-06 3.77185e-07 3.77185e-07 1.50874e-06 1.13155e-06 1.88592e-06
2.26311e-06 3.77185e-07 1.13155e-06 7.54370e-07 7.54370e-07 7.54370e-07 7.54370e-07 3.77185e-07 3.77185e-07 1.50874e-06 7.54370e-07 1.13155e-06 3.77185e-07 1.50874e-06 1.88592e-06 7.54370e-07 3.77185e-07 7.54370e-07 7.54370e-07 3.77185e-07 3.77185e-07 3.77185e-07 0.00000e+00 7.54370e-07 0.00000e+00 7.54370e-07 1.50874e-06 1.88592e-06 7.54370e-07 1.13155e-06
3.39466e-06 3.39466e-06 1.88592e-06 1.50874e-06 1.50874e-06 7.54370e-07 1.50874e-06 2.26311e-06 2.26311e-06 1.13155e-06 1.13155e-06 1.13155e-06 1.13155e-06 2.26311e-06 3.01748e-06 7.54370e-07 1.13155e-06 7.54370e-07 3.77185e-07 7.54370e-07 7.54370e-07 2.64029e-06 3.01748e-06 3.01748e-06 1.88592e-06 1.88592e-06 3.01748e-06 3.01748e-06 2.26311e-06 6.03496e-06
2.26311e-06 3.01748e-06 1.88592e-06 1.13155e-06 1.88592e-06 7.54370e-07 1.13155e-06 2.64029e-06 2.26311e-06 7.54370e-07 1.50874e-06 1.50874e-06 7.54370e-07 1.88592e-06 1.50874e-06 1.13155e-06 3.77185e-07 1.13155e-06 1.13155e-06 2.26311e-06 1.88592e-06 3.77185e-07 1.88592e-06 1.13155e-06 1.13155e-06 1.88592e-06 3.77185e-06 1.50874e-06 2.26311e-06 4.90340e-06
1.88592e-06 7.54370e-07 1.50874e-06 0.00000e+00 1.13155e-06 7.54370e-07 1.50874e-06 3.77185e-07 1.50874e-06 1.50874e-06 1.88592e-06 0.00000e+00 3.77185e-07 3.77185e-07 3.77185e-07 0.00000e+00 0.00000e+00 7.54370e-07 0.00000e+00 7.54370e-07 7.54370e-07 0.00000e+00 1.50874e-06 1.13155e-06 1.13155e-06 7.54370e-07 1.88592e-06 1.13155e-06 7.54370e-07 1.50874e-06
1.13155e-06 1.50874e-06 1.88592e-06 0.00000e+00 3.77185e-07 1.13155e-06 1.50874e-06 1.13155e-06 1.13155e-06 7.54370e-07 1.50874e-06 0.00000e+00 3.77185e-07 3.77185e-07 1.13155e-06 0.00000e+00 0.00000e+00 1.13155e-06 3.77185e-07 7.54370e-07 1.13155e-06 3.77185e-07 7.54370e-07 1.13155e-06 7.54370e-07 7.54370e-07 1.13155e-06 1.13155e-06 7.54370e-07 1.88592e-06
1.50874e-06 1.13155e-06 1.88592e-06 1.50874e-06 0.00000e+00 7.54370e-07 3.77185e-07 1.13155e-06 1.13155e-06 7.54370e-07 3.77185e-07 7.54370e-07 7.54370e-07 3.77185e-07 3.77185e-07 0.00000e+00 3.77185e-07 0.00000e+00 0.00000e+00 7.54370e-07 7.54370e-07 1.13155e-06 3.77185e-07 7.54370e-07 3.77185e-07 7.54370e-07 1.50874e-06 1.50874e-06 7.54370e-07 1.88592e-06
1.13155e-06 1.50874e-06 1.13155e-06 1.50874e-06 7.54370e-07 1.88592e-06 1.13155e-06 7.54370e-07 3.77185e-07 1.50874e-06 7.54370e-07 7.54370e-07 1.50874e-06 3.77185e-07 3.77185e-07 0.00000e+00 7.54370e-07 1.50874e-06 1.50874e-06 0.00000e+00 7.54370e-07 1.13155e-06 1.13155e-06 0.00000e+00 0.00000e+00 0.00000e+00 1.13155e-06 1.13155e-06 7.54370e-07 1.88592e-06
2.64029e-06 2.26311e-06 1.13155e-06 1.13155e-06 3.77185e-07 1.13155e-06 1.50874e-06 7.54370e-07 3.77185e-07 1.50874e-06 2.26311e-06 3.77185e-07 1.13155e-06 3.77185e-07 7.54370e-07 3.77185e-07 7.54370e-07 7.54370e-07 7.54370e-07 0.00000e+00 0.00000e+00 7.54370e-07 1.13155e-06 3.77185e-07 0.00000e+00 1.13155e-06 1.13155e-06 1.88592e-06 1.50874e-06 1.88592e-06
1.88592e-06 2.64029e-06 1.50874e-06 7.54370e-07 1.13155e-06 1.50874e-06 1.13155e-06 3.77185e-07 0.00000e+00 1.13155e-06 3.77185e-07 3.77185e-07 1.88592e-06 1.13155e-06 3.77185e-07 3.77185e-07 3.77185e-07 0.00000e+00 1.13155e-06 3.77185e-07 3.77185e-07 3.77185e-07 7.54370e-07 1.50874e-06 0.00000e+00 3.77185e-07 1.13155e-06 1.50874e-06 1.50874e-06 2.26311e-06
2.26311e-06 4.90340e-06 4.14903e-06 2.64029e-06 2.26311e-06 2.26311e-06 3.77185e-06 2.26311e-06 2.26311e-06 3.77185e-06 3.01748e-06 1.50874e-06 1.50874e-06 7.54370e-07 3.77185e-07 7.54370e-07 2.26311e-06 2.26311e-06 1.50874e-06 1.13155e-06 7.54370e-07 1.50874e-06 1.50874e-06 2.26311e-06 3.01748e-06 1.50874e-06 1.50874e-06 1.88592e-06 3.01748e-06 3.01748e-06
2.64029e-06 1.88592e-06 1.50874e-06 2.64029e-06 1.50874e-06 1.50874e-06 1.13155e-06 1.13155e-06 2.26311e-06 2.64029e-06 2.26311e-06 1.13155e-06 1.88592e-06 7.54370e-07 7.54370e-07 1.13155e-06 2.64029e-06 3.39466e-06 7.54370e-07 1.13155e-06 1.13155e-06 7.54370e-07 1.88592e-06 1.88592e-06 2.26311e-06 1.88592e-06 2.26311e-06 3.77185e-06 1.88592e-06 4.14903e-06
3.01748e-06 7.54370e-07 0.00000e+00 3.77185e-07 7.54370e-07 7.54370e-07 3.77185e-07 7.54370e-07 7.54370e-07 1.13155e-06 1.88592e-06 7.54370e-07 1.13155e-06 3.77185e-07 0.00000e+00 7.54370e-07 0.00000e+00 1.50874e-06 3.77185e-07 3.77185e-07 1.13155e-06 3.77185e-07 7.54370e-07 2.26311e-06 7.54370e-07 1.13155e-06 7.54370e-07 2.26311e-06 7.54370e-07 1.50874e-06
1.88592e-06 3.77185e-07 1.88592e-06 1.50874e-06 1.13155e-06 3.77185e-07 0.00000e+00 3.77185e-07 7.54370e-07 1.13155e-06 2.26311e-06 3.77185e-07 1.13155e-06 7.54370e-07 3.77185e-07 1.13155e-06 1.13155e-06 7.54370e-07 3.77185e-07 3.77185e-07 1.88592e-06 3.77185e-07 7.54370e-07 7.54370e-07 7.54370e-07 2.26311e-06 3.77185e-07 1.13155e-06 7.54370e-07 2.26311e-06
1.88592e-06 1.13155e-06 7.54370e-07 1.50874e-06 2.26311e-06 7.54370e-07 3.77185e-07 1.13155e-06 1.50874e-06 1.50874e-06 7.54370e-07 1.13155e-06 1.13155e-06 7.54370e-07 1.88592e-06 1.13155e-06 0.00000e+00 7.54370e-07 7.54370e-07 0.00000e+00 0.00000e+00 3.77185e-07 3.77185e-07 7.54370e-07 1.13155e-06 1.88592e-06 1.13155e-06 7.54370e-07 7.54370e-07 1.50874e-06
2.26311e-06 1.50874e-06 1.88592e-06 7.54370e-07 1.13155e-06 7.54370e-07 3.77185e-07 1.50874e-06 7.54370e-07 7.54370e-07 1.88592e-06 1.50874e-06 7.54370e-07 0.00000e+00 7.54370e-07 3.77185e-07 0.00000e+00 3.77185e-07 0.00000e+00 3.77185e-07 3.77185e-07 7.54370e-07 1.13155e-06 2.64029e-06 2.26311e-06 1.50874e-06 1.88592e-06 1.13155e-06 1.88592e-06 1.50874e-06
3.77185e-07 1.13155e-06 7.54370e-07 7.54370e-07 1.50874e-06 1.13155e-06 7.54370e-07 1.13155e-06 0.00000e+00 1.13155e-06 1.13155e-06 7.54370e-07 1.13155e-06 1.50874e-06 7.54370e-07 1.50874e-06 7.54370e-07 1.13155e-06 7.54370e-07 1.13155e-06 7.54370e-07 3.77185e-07 0.00000e+00 1.50874e-06 7.54370e-07 1.13155e-06 7.54370e-07 3.77185e-07 1.88592e-06 1.50874e-06
2.26311e-06 7.54370e-07 1.13155e-06 0.00000e+00 7.54370e-07 1.50874e-06 7.54370e-07 2.26311e-06 3.77185e-07 7.54370e-07 1.88592e-06 2.26311e-06 1.13155e-06 1.50874e-06 3.77185e-07 1.88592e-06 1.50874e-06 1.13155e-06 1.88592e-06 1.13155e-06 7.54370e-07 0.00000e+00 1.13155e-06 1.50874e-06 1.13155e-06 7.54370e-07 1.13155e-06 7.54370e-07 1.88592e-06 1.50874e-06
5.65777e-06 7.54370e-07 1.50874e-06 1.50874e-06 2.26311e-06 2.64029e-06 7.54370e-07 2.26311e-06 1.50874e-06 2.64029e-06 3.01748e-06 1.50874e-06 1.88592e-06 1.88592e-06 1.88592e-06 2.26311e-06 1.50874e-06 1.50874e-06 3.39466e-06 1.50874e-06 4.14903e-06 2.26311e-06 1.13155e-06 2.64029e-06 2.64029e-06 3.01748e-06 3.39466e-06 2.64029e-06 3.01748e-06 4.52622e-06
3.77185e-06 4.14903e-06 2.64029e-06 2.64029e-06 2.26311e-06 3.77185e-06 2.26311e-06 2.26311e-06 2.64029e-06 7.54370e-07 1.88592e-06 1.88592e-06 1.50874e-06 2.26311e-06 7.54370e-07 1.50874e-06 1.88592e-06 3.77185e-07 3.01748e-06 1.13155e-06 2.26311e-06 3.77185e-06 1.88592e-06 2.64029e-06 7.54370e-07 3.39466e-06 2.26311e-06 1.50874e-06 3.77185e-06 3.77185e-06
1.13155e-06 3.39466e-06 2.64029e-06 1.13155e-06 7.54370e-07 7.54370e-07 7.54370e-07 1.13155e-06 7.54370e-07 3.77185e-07 3.77185e-07 3.77185e-07 3.77185e-07 7.54370e-07 3.77185e-07 7.54370e-07 7.54370e-07 3.77185e-07 1.13155e-06 0.00000e+00 0.00000e+00 1.13155e-06 1.13155e-06 1.88592e-06 1.50874e-06 7.54370e-07 1.50874e-06 1.13155e-06 2.26311e-06 2.26311e-06
1.88592e-06 2.26311e-06 7.54370e-07 1.13155e-06 1.50874e-06 1.50874e-06 2.26311e-06 1.13155e-06 1.13155e-06 1.13155e-06 1.13155e-06 7.54370e-07 3.77185e-07 3.77185e-07 7.54370e-07 3.77185e-07 0.00000e+00 0.00000e+00 7.54370e-07 1.13155e-06 1.13155e-06 7.54370e-07 1.13155e-06 1.13155e-06 1.50874e-06 1.13155e-06 3.77185e-07 1.13155e-06 7.54370e-07 1.50874e-06
1.88592e-06 1.13155e-06 1.13155e-06 1.13155e-06 1.88592e-06 1.88592e-06 2.26311e-06 3.77185e-07 1.88592e-06 1.13155e-06 0.00000e+00 1.13155e-06 1.50874e-06 1.50874e-06 1.50874e-06 7.54370e-07 0.00000e+00 3.77185e-07 3.77185e-07 3.77185e-07 1.13155e-06 1.13155e-06 1.13155e-06 1.13155e-06 7.54370e-07 1.13155e-06 1.13155e-06 7.54370e-07 7.54370e-07 1.88592e-06
1.13155e-06 1.50874e-06 1.13155e-06 3.77185e-07 1.13155e-06 1.13155e-06 1.50874e-06 0.00000e+00 1.50874e-06 1.13155e-06 7.54370e-07 2.64029e-06 2.26311e-06 1.13155e-06 3.77185e-07 7.54370e-07 7.54370e-07 7.54370e-07 3.77185e-07 1.13155e-06 3.77185e-07 0.00000e+00 3.77185e-07 7.54370e-07 3.77185e-07 1.13155e-06 3.77185e-07 1.50874e-06 7.54370e-07 1.50874e-06
2.64029e-06 1.50874e-06 2.26311e-06 7.54370e-07 7.54370e-07 7.54370e-07 3.77185e-07 3.77185e-07 1.50874e-06 1.13155e-06 1.13155e-06 1.88592e-06 1.88592e-06 2.64029e-06 0.00000e+00 0.00000e+00 7.54370e-07 0.00000e+00 7.54370e-07 1.13155e-06 3.77185e-07 7.54370e-07 3.77185e-07 1.50874e-06 1.88592e-06 1.13155e-06 3.77185e-07 1.50874e-06 1.13155e-06 2.64029e-06
3.77185e-06 1.13155e-06 1.13155e-06 3.77185e-07 1.13155e-06 1.50874e-06 3.77185e-07 0.00000e+00 1.50874e-06 1.50874e-06 7.54370e-07 1.88592e-06 1.50874e-06 7.54370e-07 3.77185e-07 3.77185e-07 1.13155e-06 7.54370e-07 1.13155e-06 1.13155e-06 7.54370e-07 7.54370e-07 1.50874e-06 1.88592e-06 3.77185e-07 7.54370e-07 1.88592e-06 7.54370e-07 1.13155e-06 1.50874e-06
5.28059e-06 3.39466e-06 2.64029e-06 2.26311e-06 3.01748e-06 1.50874e-06 1.13155e-06 1.88592e-06 1.50874e-06 1.50874e-06 1.88592e-06 2.64029e-06 2.26311e-06 1.88592e-06 7.54370e-07 1.13155e-06 2.64029e-06 2.64029e-06 7.54370e-07 3.77185e-07 1.50874e-06 1.50874e-06 3.01748e-06 3.77185e-06 2.64029e-06 1.50874e-06 1.88592e-06 3.39466e-06 1.50874e-06 3.01748e-06
3.01748e-06 3.01748e-06 1.88592e-06 2.64029e-06 2.64029e-06 2.26311e-06 1.88592e-06 2.64029e-06 2.26311e-06 1.88592e-06 1.50874e-06 4.52622e-06 1.13155e-06 2.26311e-06 1.50874e-06 1.88592e-06 1.50874e-06 1.13155e-06 3.77185e-07 3.77185e-07 1.13155e-06 1.13155e-06 2.64029e-06 1.50874e-06 2.26311e-06 2.64029e-06 2.26311e-06 1.13155e-06 2.26311e-06 2.26311e-06
1.88592e-06 1.88592e-06 3.77185e-07 1.13155e-06 1.88592e-06 2.26311e-06 7.54370e-07 2.26311e-06 1.50874e-06 3.77185e-07 3.77185e-07 2.26311e-06 1.13155e-06 1.13155e-06 1.50874e-06 7.54370e-07 0.00000e+00 3.77185e-07 3.77185e-07 3.77185e-07 3.77185e-07 2.26311e-06 7.54370e-07 1.50874e-06 0.00000e+00 1.13155e-06 1.13155e-06 7.54370e-07 1.50874e-06 2.26311e-06
2.26311e-06 2.64029e-06 7.54370e-07 1.50874e-06 7.54370e-07 2.26311e-06 3.77185e-07 1.50874e-06 3.77185e-07 3.77185e-07 0.00000e+00 7.54370e-07 1.13155e-06 3.77185e-07 1.13155e-06 7.54370e-07 1.13155e-06 1.13155e-06 3.77185e-07 3.77185e-07 7.54370e-07 7.54370e-07 7.54370e-07 3.77185e-07 0.00000e+00 7.54370e-07 3.77185e-07 2.64029e-06 1.88592e-06 1.88592e-06
2.26311e-06 1.88592e-06 7.54370e-07 2.64029e-06 7.54370e-07 1.88592e-06 1.13155e-06 1.13155e-06 3.77185e-07 7.54370e-07 3.77185e-07 1.13155e-06 3.77185e-07 7.54370e-07 3.77185e-07 3.77185e-07 1.50874e-06 1.88592e-06 7.54370e-07 3.77185e-07 3.77185e-07 1.13155e-06 3.77185e-07 7.54370e-07 3.77185e-07 1.50874e-06 1.50874e-06 1.88592e-06 1.50874e-06 1.88592e-06
3.39466e-06 3.01748e-06 1.50874e-06 1.13155e-06 1.13155e-06 7.54370e-07 3.77185e-07 3.77185e-07 3.77185e-07 7.54370e-07 3.77185e-07 3.77185e-07 7.54370e-07 0.00000e+00 3.77185e-07 3.77185e-07 7.54370e-07 1.50874e-06 7.54370e-07 3.77185e-07 3.77185e-07 3.77185e-07 1.13155e-06 7.54370e-07 3.77185e-07 1.50874e-06 1.50874e-06 1.50874e-06 3.77185e-07 1.13155e-06
2.26311e-06 7.54370e-07 7.54370e-07 1.13155e-06 3.77185e-07 7.54370e-07 1.13155e-06 0.00000e+00 0.00000e+00 3.77185e-07 3.77185e-07 0.00000e+00 7.54370e-07 3.77185e-07 1.13155e-06 3.77185e-07 1.50874e-06 7.54370e-07 1.13155e-06 1.13155e-06 1.13155e-06 7.54370e-07 1.50874e-06 7.54370e-07 1.88592e-06 1.13155e-06 2.64029e-06 1.88592e-06 7.54370e-07 2.26311e-06
2.26311e-06 1.50874e-06 1.50874e-06 1.13155e-06 7.54370e-07 1.13155e-06 1.50874e-06 7.54370e-07 3.77185e-07 7.54370e-07 0.00000e+00 7.54370e-07 1.50874e-06 1.50874e-06 0.00000e+00 1.13155e-06 7.54370e-07 1.50874e-06 2.26311e-06 1.50874e-06 1.50874e-06 7.54370e-07 1.50874e-06 1.50874e-06 1.13155e-06 7.54370e-07 1.50874e-06 1.50874e-06 3.77185e-07 1.50874e-06
6.78933e-06 3.01748e-06 2.64029e-06 1.50874e-06 1.13155e-06 2.26311e-06 1.50874e-06 2.26311e-06 2.26311e-06 2.64029e-06 1.50874e-06 3.01748e-06 1.88592e-06 1.50874e-06 1.88592e-06 1.88592e-06 1.88592e-06 2.26311e-06 2.26311e-06 1.50874e-06 2.26311e-06 1.88592e-06 2.64029e-06 1.50874e-06 1.88592e-06 2.26311e-06 3.77185e-06 4.52622e-06 3.01748e-06 4.52622e-06
5.65777e-06 4.52622e-06 3.39466e-06 3.01748e-06 1.88592e-06 0.00000e+00 2.26311e-06 2.26311e-06 2.64029e-06 2.64029e-06 1.88592e-06 2.26311e-06 2.64029e-06 3.39466e-06 2.64029e-06 1.88592e-06 2.26311e-06 3.01748e-06 4.14903e-06 1.88592e-06 2.26311e-06 1.88592e-06 7.54370e-07 2.26311e-06 3.77185e-07 2.64029e-06 2.26311e-06 1.13155e-06 3.01748e-06 4.52622e-06
1.88592e-06 2.64029e-06 1.88592e-06 1.88592e-06 1.13155e-06 7.54370e-07 1.13155e-06 1.13155e-06 7.54370e-07 1.50874e-06 1.88592e-06 1.88592e-06 3.77185e-07 1.13155e-06 7.54370e-07 1.13155e-06 7.54370e-07 1.13155e-06 1.50874e-06 1.13155e-06 3.77185e-07 2.64029e-06 3.77185e-07 3.77185e-07 3.77185e-07 7.54370e-07 1.13155e-06 3.77185e-07 3.77185e-07 1.50874e-06
4.14903e-06 2.26311e-06 1.88592e-06 2.64029e-06 1.50874e-06 1.13155e-06 3.77185e-07 3.77185e-07 7.54370e-07 1.13155e-06 7.54370e-07 1.50874e-06 1.50874e-06 1.50874e-06 1.88592e-06 1.13155e-06 1.13155e-06 0.00000e+00 7.54370e-07 1.50874e-06 2.64029e-06 1.13155e-06 7.54370e-07 7.54370e-07 1.13155e-06 1.88592e-06 3.01748e-06 1.50874e-06 3.77185e-07 1.88592e-06
3.01748e-06 1.50874e-06 1.50874e-06 1.13155e-06 1.88592e-06 1.13155e-06 0.00000e+00 1.88592e-06 3.01748e-06 1.88592e-06 3.77185e-07 2.26311e-06 1.50874e-06 1.88592e-06 1.13155e-06 1.13155e-06 1.88592e-06 1.13155e-06 0.00000e+00 1.50874e-06 1.13155e-06 0.00000e+00 7.54370e-07 3.77185e-07 1.50874e-06 2.26311e-06 7.54370e-07 1.88592e-06 1.13155e-06 3.01748e-06
3.01748e-06 1.50874e-06 1.13155e-06 3.77185e-07 2.26311e-06 1.50874e-06 3.77185e-07 7.54370e-07 7.54370e-07 3.77185e-07 3.77185e-07 1.50874e-06 3.77185e-07 1.50874e-06 1.88592e-06 1.88592e-06 1.13155e-06 1.13155e-06 1.50874e-06 1.50874e-06 7.54370e-07 3.77185e-07 1.13155e-06 1.50874e-06 1.88592e-06 1.50874e-06 1.88592e-06 1.50874e-06 3.77185e-07 3.39466e-06
2.26311e-06 3.77185e-07 1.50874e-06 7.54370e-07 3.77185e-07 7.54370e-07 7.54370e-07 0.00000e+00 7.54370e-07 3.77185e-07 1.13155e-06 2.26311e-06 1.13155e-06 1.50874e-06 3.77185e-07 1.13155e-06 1.88592e-06 2.64029e-06 1.13155e-06 7.54370e-07 1.13155e-06 7.54370e-07 1.88592e-06 1.88592e-06 2.26311e-06 7.54370e-07 1.50874e-06 1.13155e-06 3.77185e-07 2.64029e-06
1.50874e-06 1.13155e-06 1.13155e-06 7.54370e-07 1.50874e-06 1.50874e-06 7.54370e-07 1.13155e-06 0.00000e+00 1.13155e-06 1.50874e-06 1.13155e-06 7.54370e-07 7.54370e-07 1.88592e-06 1.13155e-06 1.50874e-06 1.13155e-06 1.13155e-06 7.54370e-07 3.77185e-07 2.26311e-06 7.54370e-07 1.50874e-06 1.50874e-06 7.54370e-07 1.50874e-06 1.13155e-06 1.50874e-06 1.50874e-06
6.03496e-06 4.52622e-06 3.01748e-06 4.14903e-06 3.39466e-06 1.50874e-06 3.01748e-06 7.54370e-07 7.54370e-07 1.50874e-06 1.88592e-06 3.01748e-06 2.26311e-06 2.26311e-06 2.26311e-06 2.26311e-06 1.88592e-06 3.39466e-06 2.64029e-06 1.88592e-06 1.88592e-06 1.88592e-06 2.26311e-06 2.64029e-06 3.39466e-06 2.26311e-06 2.26311e-06 1.50874e-06 1.88592e-06 2.64029e-06
3.01748e-06 2.26311e-06 2.26311e-06 3.77185e-06 2.64029e-06 2.64029e-06 2.26311e-06 1.88592e-06 1.88592e-06 2.64029e-06 3.39466e-06 3.77185e-06 2.26311e-06 3.01748e-06 2.64029e-06 7.54370e-07 1.88592e-06 1.88592e-06 1.50874e-06 1.88592e-06 3.39466e-06 1.88592e-06 3.01748e-06 1.13155e-06 1.13155e-06 2.64029e-06 2.64029e-06 2.64029e-06 2.64029e-06 5.28059e-06
3.01748e-06 3.77185e-07 1.13155e-06 1.13155e-06 1.88592e-06 7.54370e-07 7.54370e-07 1.50874e-06 1.50874e-06 3.77185e-07 1.88592e-06 1.13155e-06 1.50874e-06 2.64029e-06 1.50874e-06 0.00000e+00 7.54370e-07 1.50874e-06 1.13155e-06 1.88592e-06 1.88592e-06 1.88592e-06 1.50874e-06 1.13155e-06 0.00000e+00 7.54370e-07 0.00000e+00 1.50874e-06 1.50874e-06 3.01748e-06
1.88592e-06 1.13155e-06 0.00000e+00 7.54370e-07 1.50874e-06 1.13155e-06 1.13155e-06 3.77185e-07 7.54370e-07 1.88592e-06 3.77185e-07 1.13155e-06 1.13155e-06 2.64029e-06 1.13155e-06 1.13155e-06 1.50874e-06 3.77185e-07 1.50874e-06 3.77185e-07 1.13155e-06 0.00000e+00 1.50874e-06 1.13155e-06 7.54370e-07 3.77185e-07 7.54370e-07 3.77185e-07 7.54370e-07 3.39466e-06
3.01748e-06 7.54370e-07 3.77185e-07 0.00000e+00 7.54370e-07 3.77185e-07 3.77185e-07 1.13155e-06 2.26311e-06 2.26311e-06 1.50874e-06 7.54370e-07 3.77185e-07 3.77185e-07 1.88592e-06 1.13155e-06 1.50874e-06 1.13155e-06 1.50874e-06 0.00000e+00 7.54370e-07 7.54370e-07 2.26311e-06 1.13155e-06 1.13155e-06 3.77185e-07 1.50874e-06 1.13155e-06 1.13155e-06 2.26311e-06
1.50874e-06 7.54370e-07 1.50874e-06 0.00000e+00 3.77185e-07 0.00000e+00 1.13155e-06 1.13155e-06 7.54370e-07 1.13155e-06 3.77185e-07 1.13155e-06 1.88592e-06 3.77185e-07 1.50874e-06 1.13155e-06 1.88592e-06 7.54370e-07 0.00000e+00 7.54370e-07 7.54370e-07 3.77185e-07 1.13155e-06 7.54370e-07 3.77185e-07 3.77185e-07 1.13155e-06 3.77185e-07 7.54370e-07 3.01748e-06
3.77185e-07 1.50874e-06 1.88592e-06 2.26311e-06 1.13155e-06 0.00000e+00 7.54370e-07 7.54370e-07 7.54370e-07 1.50874e-06 1.50874e-06 1.13155e-06 7.54370e-07 1.88592e-06 1.88592e-06 1.13155e-06 2.26311e-06 2.26311e-06 3.77185e-07 7.54370e-07 0.00000e+00 7.54370e-07 3.77185e-07 1.13155e-06 7.54370e-07 1.13155e-06 1.50874e-06 1.50874e-06 7.54370e-07 2.26311e-06
1.50874e-06 2.26311e-06 1.13155e-06 2.26311e-06 1.13155e-06 3.77185e-07 1.13155e-06 3.77185e-07 1.13155e-06 7.54370e-07 2.26311e-06 0.00000e+00 7.54370e-07 1.13155e-06 1.88592e-06 7.54370e-07 1.13155e-06 1.13155e-06 1.13155e-06 7.54370e-07 7.54370e-07 1.13155e-06 1.50874e-06 7.54370e-07 0.00000e+00 1.13155e-06 7.54370e-07 2.26311e-06 1.88592e-06 3.39466e-06
1.88592e-06 3.01748e-06 7.54370e-07 2.64029e-06 1.88592e-06 2.64029e-06 1.88592e-06 1.50874e-06 2.26311e-06 2.64029e-06 2.64029e-06 2.64029e-06 1.88592e-06 1.88592e-06 3.01748e-06 2.26311e-06 1.50874e-06 1.13155e-06 1.88592e-06 3.77185e-06 2.64029e-06 4.14903e-06 2.64029e-06 3.77185e-07 1.88592e-06 2.64029e-06 3.01748e-06 1.88592e-06 2.64029e-06 4.90340e-06
1.50874e-06 1.13155e-06 1.13155e-06 1.13155e-06 3.77185e-07 0.00000e+00 3.77185e-07 3.77185e-07 1.13155e-06 1.13155e-06 7.54370e-07 3.01748e-06 3.39466e-06 7.54370e-07 1.50874e-06 2.26311e-06 1.13155e-06 3.77185e-07 7.54370e-07 7.54370e-07 3.77185e-07 1.50874e-06 1.50874e-06 1.50874e-06 7.54370e-07 2.26311e-06 1.13155e-06 1.13155e-06 1.88592e-06 2.64029e-06
3.77185e-06 1.88592e-06 1.50874e-06 7.54370e-07 3.77185e-07 3.77185e-07 7.54370e-07 1.50874e-06 3.77185e-07 1.13155e-06 7.54370e-07 3.01748e-06 2.26311e-06 2.26311e-06 1.13155e-06 1.88592e-06 7.54370e-07 0.00000e+00 0.00000e+00 0.00000e+00 7.54370e-07 1.88592e-06 0.00000e+00 7.54370e-07 7.54370e-07 1.88592e-06 1.13155e-06 7.54370e-07 1.50874e-06 3.39466e-06
1.88592e-06 7.54370e-07 1.13155e-06 7.54370e-07 1.13155e-06 1.50874e-06 3.77185e-07 1.13155e-06 7.54370e-07 3.77185e-07 2.64029e-06 2.64029e-06 3.01748e-06 1.50874e-06 1.50874e-06 1.88592e-06 1.13155e-06 3.77185e-07 1.13155e-06 1.50874e-06 7.54370e-07 1.13155e-06 1.13155e-06 3.77185e-07 1.13155e-06 7.54370e-07 1.13155e-06 2.26311e-06 1.50874e-06 3.01748e-06
2.26311e-06 1.13155e-06 1.13155e-06 1.13155e-06 2.26311e-06 1.50874e-06 7.54370e-07 3.77185e-07 0.00000e+00 0.00000e+00 1.88592e-06 1.88592e-06 3.39466e-06 2.64029e-06 1.13155e-06 3.77185e-07 7.54370e-07 7.54370e-07 1.13155e-06 7.54370e-07 1.50874e-06 7.54370e-07 3.77185e-07 1.13155e-06 3.77185e-07 7.54370e-07 3.77185e-07 2.64029e-06 2.64029e-06 2.64029e-06
3.01748e-06 1.88592e-06 3.01748e-06 7.54370e-07 1.13155e-06 1.50874e-06 3.77185e-07 7.54370e-07 0.00000e+00 1.50874e-06 1.88592e-06 2.64029e-06 1.50874e-06 1.88592e-06 1.50874e-06 2.26311e-06 1.50874e-06 1.13155e-06 7.54370e-07 7.54370e-07 1.13155e-06 1.88592e-06 1.13155e-06 1.13155e-06 0.00000e+00 7.54370e-07 7.54370e-07 1.50874e-06 1.88592e-06 1.13155e-06
2.64029e-06 1.13155e-06 1.50874e-06 1.13155e-06 1.88592e-06 1.88592e-06 3.77185e-07 3.77185e-07 1.13155e-06 2.26311e-06 7.54370e-07 1.50874e-06 2.26311e-06 1.88592e-06 1.13155e-06 3.77185e-07 1.13155e-06 0.00000e+00 7.54370e-07 7.54370e-07 7.54370e-07 1.50874e-06 1.13155e-06 1.88592e-06 1.50874e-06 7.54370e-07 7.54370e-07 3.77185e-07 1.13155e-06 1.50874e-06
1.88592e-06 1.13155e-06 2.26311e-06 2.64029e-06 7.54370e-07 3.77185e-07 7.54370e-07 1.50874e-06 7.54370e-07 1.50874e-06 1.50874e-06 3.77185e-07 1.88592e-06 2.26311e-06 3.77185e-07 1.50874e-06 1.13155e-06 0.00000e+00 7.54370e-07 1.50874e-06 1.50874e-06 1.13155e-06 0.00000e+00 1.88592e-06 2.64029e-06 1.50874e-06 1.88592e-06 2.26311e-06 1.50874e-06 2.64029e-06
1.88592e-06 3.01748e-06 2.26311e-06 2.26311e-06 1.13155e-06 3.77185e-07 0.00000e+00 7.54370e-07 7.54370e-07 7.54370e-07 1.13155e-06 1.88592e-06 3.39466e-06 1.13155e-06 7.54370e-07 2.26311e-06 2.64029e-06 2.64029e-06 1.13155e-06 7.54370e-07 1.50874e-06 1.13155e-06 1.13155e-06 1.88592e-06 1.50874e-06 1.50874e-06 1.13155e-06 3.01748e-06 2.64029e-06 4.90340e-06
1.88592e-06 7.54370e-07 1.13155e-06 2.26311e-06 1.50874e-06 1.88592e-06 1.13155e-06 1.88592e-06 7.54370e-07 7.54370e-07 3.77185e-07 1.50874e-06 1.50874e-06 1.13155e-06 0.00000e+00 7.54370e-07 1.50874e-06 1.13155e-06 1.13155e-06 7.54370e-07 1.50874e-06 1.13155e-06 1.88592e-06 1.88592e-06 1.50874e-06 1.88592e-06 1.88592e-06 2.26311e-06 1.88592e-06 2.26311e-06
3.01748e-06 0.00000e+00 1.13155e-06 7.54370e-07 1.13155e-06 1.13155e-06 1.88592e-06 1.13155e-06 7.54370e-07 0.00000e+00 1.13155e-06 1.13155e-06 3.77185e-07 7.54370e-07 7.54370e-07 1.50874e-06 1.50874e-06 1.13155e-06 1.50874e-06 1.13155e-06 7.54370e-07 1.50874e-06 1.88592e-06 7.54370e-07 1.13155e-06 1.50874e-06 3.39466e-06 2.26311e-06 1.13155e-06 2.64029e-06
3.01748e-06 0.00000e+00 3.77185e-07 3.77185e-07 1.50874e-06 1.50874e-06 2.26311e-06 0.00000e+00 7.54370e-07 3.77185e-07 7.54370e-07 7.54370e-07 1.50874e-06 1.88592e-06 1.13155e-06 2.64029e-06 1.50874e-06 1.88592e-06 1.50874e-06 1.50874e-06 1.50874e-06 3.77185e-07 2.26311e-06 7.54370e-07 2.26311e-06 1.50874e-06 2.26311e-06 1.13155e-06 3.77185e-06 5.65777e-06
4.14903e-06 1.13155e-06 2.64029e-06 2.26311e-06 7.54370e-07 7.54370e-07 1.13155e-06 7.54370e-07 1.13155e-06 7.54370e-07 1.13155e-06 1.50874e-06 2.26311e-06 1.50874e-06 7.54370e-07 3.77185e-07 1.88592e-06 1.13155e-06 7.54370e-07 1.13155e-06 1.88592e-06 7.54370e-07 2.26311e-06 2.26311e-06 2.64029e-06 1.88592e-06 3.77185e-07 7.54370e-07 3.01748e-06 4.14903e-06
6.03496e-06 3.39466e-06 1.88592e-06 2.26311e-06 3.01748e-06 2.26311e-06 0.00000e+00 1.88592e-06 7.54370e-07 1.88592e-06 2.64029e-06 3.01748e-06 7.54370e-07 1.13155e-06 2.26311e-06 1.50874e-06 1.88592e-06 2.64029e-06 3.77185e-06 1.50874e-06 3.39466e-06 1.13155e-06 1.88592e-06 2.64029e-06 2.26311e-06 1.88592e-06 2.26311e-06 2.26311e-06 1.88592e-06 3.39466e-06
