2.69687e-06 2.45170e-06 2.20653e-06 2.94204e-06 4.41306e-06 2.45170e-06 4.90340e-06 4.41306e-06 5.39374e-06 5.63891e-06
4.16789e-06 1.71619e-06 1.71619e-06 2.69687e-06 3.67755e-06 2.94204e-06 2.20653e-06 2.94204e-06 2.69687e-06 3.43238e-06
1.71619e-06 1.71619e-06 1.71619e-06 7.35510e-07 1.22585e-06 2.45170e-07 9.80681e-07 7.35510e-07 1.96136e-06 3.18721e-06
1.22585e-06 1.47102e-06 2.20653e-06 9.80681e-07 1.96136e-06 1.71619e-06 1.47102e-06 1.47102e-06 7.35510e-07 2.20653e-06
1.96136e-06 1.71619e-06 1.22585e-06 1.71619e-06 1.22585e-06 1.22585e-06 1.47102e-06 2.45170e-07 1.47102e-06 1.71619e-06
3.18721e-06 7.35510e-07 1.47102e-06 1.71619e-06 0.00000e+00 7.35510e-07 1.22585e-06 1.22585e-06 1.22585e-06 9.80681e-07
2.20653e-06 1.47102e-06 1.22585e-06 2.45170e-07 7.35510e-07 7.35510e-07 9.80681e-07 9.80681e-07 1.96136e-06 2.45170e-06
2.69687e-06 1.47102e-06 1.71619e-06 9.80681e-07 9.80681e-07 1.47102e-06 1.22585e-06 1.22585e-06 1.71619e-06 2.45170e-06
4.41306e-06 2.94204e-06 2.20653e-06 2.45170e-06 9.80681e-07 1.47102e-06 2.45170e-06 2.69687e-06 2.94204e-06 1.47102e-06
3.43238e-06 2.20653e-06 1.47102e-06 1.47102e-06 1.22585e-06 1.22585e-06 1.47102e-06 1.47102e-06 1.96136e-06 3.43238e-06
9.80681e-07 7.35510e-07 2.45170e-07 1.22585e-06 7.35510e-07 2.45170e-07 2.45170e-07 7.35510e-07 1.47102e-06 1.47102e-06
9.80681e-07 4.90340e-07 1.47102e-06 2.69687e-06 9.80681e-07 7.35510e-07 4.90340e-07 1.47102e-06 9.80681e-07 1.47102e-06
2.20653e-06 9.80681e-07 1.71619e-06 1.96136e-06 1.22585e-06 1.96136e-06 1.47102e-06 1.71619e-06 7.35510e-07 2.20653e-06
2.94204e-06 2.20653e-06 1.22585e-06 1.47102e-06 1.22585e-06 1.22585e-06 1.22585e-06 1.22585e-06 4.90340e-07 1.96136e-06
1.71619e-06 1.47102e-06 2.45170e-06 1.47102e-06 1.47102e-06 9.80681e-07 1.96136e-06 9.80681e-07 9.80681e-07 2.20653e-06
1.47102e-06 9.80681e-07 7.35510e-07 1.71619e-06 9.80681e-07 2.20653e-06 9.80681e-07 0.00000e+00 4.90340e-07 2.45170e-06
2.20653e-06 1.96136e-06 1.47102e-06 2.20653e-06 9.80681e-07 1.96136e-06 1.96136e-06 9.80681e-07 1.71619e-06 3.18721e-06
2.45170e-06 1.47102e-06 2.45170e-07 1.22585e-06 7.35510e-07 1.71619e-06 2.69687e-06 1.22585e-06 9.80681e-07 3.67755e-06
1.96136e-06 9.80681e-07 4.90340e-07 7.35510e-07 7.35510e-07 9.80681e-07 1.47102e-06 7.35510e-07 1.47102e-06 3.18721e-06
2.45170e-06 7.35510e-07 9.80681e-07 7.35510e-07 1.22585e-06 1.71619e-06 1.47102e-06 1.71619e-06 2.45170e-06 2.45170e-06
2.69687e-06 1.96136e-06 7.35510e-07 1.47102e-06 1.96136e-06 1.47102e-06 9.80681e-07 7.35510e-07 1.71619e-06 1.47102e-06
1.71619e-06 1.96136e-06 1.22585e-06 1.22585e-06 9.80681e-07 1.47102e-06 4.90340e-07 1.47102e-06 1.47102e-06 1.47102e-06
2.69687e-06 2.20653e-06 4.90340e-07 1.96136e-06 1.47102e-06 2.45170e-07 1.22585e-06 9.80681e-07 4.90340e-07 1.71619e-06
7.35510e-07 7.35510e-07 7.35510e-07 4.90340e-07 4.90340e-07 1.96136e-06 2.45170e-07 9.80681e-07 1.22585e-06 9.80681e-07
1.47102e-06 1.47102e-06 3.18721e-06 1.96136e-06 7.35510e-07 2.20653e-06 9.80681e-07 1.71619e-06 7.35510e-07 2.94204e-06
3.92272e-06 1.96136e-06 9.80681e-07 1.71619e-06 7.35510e-07 9.80681e-07 9.80681e-07 1.47102e-06 1.22585e-06 2.69687e-06
2.94204e-06 1.71619e-06 9.80681e-07 9.80681e-07 7.35510e-07 2.45170e-07 7.35510e-07 1.22585e-06 1.47102e-06 1.96136e-06
2.69687e-06 1.71619e-06 1.96136e-06 1.71619e-06 7.35510e-07 2.45170e-07 1.22585e-06 9.80681e-07 1.22585e-06 1.96136e-06
1.22585e-06 7.35510e-07 4.90340e-07 1.96136e-06 9.80681e-07 9.80681e-07 1.22585e-06 1.71619e-06 9.80681e-07 3.18721e-06
1.47102e-06 2.45170e-06 4.90340e-07 9.80681e-07 9.80681e-07 1.47102e-06 1.96136e-06 1.47102e-06 1.22585e-06 7.35510e-07
1.71619e-06 4.90340e-07 9.80681e-07 1.71619e-06 9.80681e-07 9.80681e-07 1.47102e-06 7.35510e-07 1.71619e-06 1.22585e-06
7.35510e-07 1.71619e-06 7.35510e-07 1.22585e-06 0.00000e+00 2.45170e-07 1.22585e-06 7.35510e-07 4.90340e-07 9.80681e-07
3.18721e-06 1.96136e-06 1.71619e-06 1.47102e-06 9.80681e-07 4.90340e-07 1.22585e-06 9.80681e-07 9.80681e-07 1.22585e-06
2.94204e-06 1.47102e-06 1.71619e-06 1.22585e-06 9.80681e-07 0.00000e+00 1.22585e-06 1.71619e-06 2.69687e-06 3.18721e-06
1.22585e-06 1.22585e-06 1.22585e-06 9.80681e-07 0.00000e+00 4.90340e-07 7.35510e-07 7.35510e-07 1.47102e-06 2.94204e-06
9.80681e-07 1.47102e-06 1.47102e-06 1.71619e-06 1.22585e-06 7.35510e-07 1.96136e-06 1.71619e-06 1.47102e-06 1.71619e-06
1.22585e-06 7.35510e-07 1.22585e-06 7.35510e-07 7.35510e-07 1.47102e-06 1.71619e-06 1.22585e-06 1.71619e-06 2.69687e-06
2.94204e-06 1.71619e-06 7.35510e-07 2.20653e-06 1.96136e-06 2.45170e-06 7.35510e-07 1.96136e-06 1.47102e-06 4.41306e-06
2.94204e-06 2.20653e-06 1.96136e-06 7.35510e-07 7.35510e-07 1.22585e-06 1.22585e-06 9.80681e-07 1.47102e-06 2.94204e-06
1.96136e-06 7.35510e-07 4.90340e-07 9.80681e-07 9.80681e-07 7.35510e-07 9.80681e-07 4.90340e-07 9.80681e-07 1.96136e-06
2.94204e-06 2.45170e-06 1.71619e-06 1.96136e-06 1.71619e-06 1.71619e-06 1.22585e-06 1.71619e-06 2.20653e-06 4.65823e-06
2.94204e-06 2.45170e-06 1.22585e-06 1.22585e-06 1.22585e-06 1.22585e-06 2.94204e-06 2.69687e-06 1.22585e-06 4.41306e-06
1.47102e-06 1.96136e-06 1.47102e-06 1.47102e-06 1.22585e-06 7.35510e-07 9.80681e-07 1.22585e-06 4.90340e-07 2.69687e-06
1.47102e-06 2.45170e-06 9.80681e-07 7.35510e-07 7.35510e-07 1.22585e-06 1.22585e-06 9.80681e-07 7.35510e-07 2.20653e-06
1.22585e-06 1.22585e-06 1.71619e-06 4.90340e-07 0.00000e+00 9.80681e-07 9.80681e-07 1.71619e-06 1.47102e-06 1.96136e-06
1.47102e-06 7.35510e-07 1.22585e-06 1.96136e-06 1.96136e-06 1.47102e-06 1.47102e-06 2.69687e-06 2.20653e-06 2.45170e-06
2.45170e-06 7.35510e-07 1.47102e-06 7.35510e-07 4.90340e-07 4.90340e-07 1.47102e-06 1.96136e-06 2.20653e-06 2.45170e-06
1.22585e-06 4.90340e-07 1.47102e-06 9.80681e-07 7.35510e-07 1.47102e-06 9.80681e-07 1.47102e-06 9.80681e-07 3.18721e-06
2.94204e-06 1.96136e-06 2.20653e-06 4.90340e-07 1.96136e-06 1.47102e-06 1.96136e-06 2.69687e-06 2.20653e-06 4.90340e-06
1.71619e-06 1.96136e-06 2.45170e-06 7.35510e-07 1.22585e-06 1.71619e-06 1.96136e-06 2.69687e-06 3.18721e-06 4.41306e-06
7.35510e-07 1.22585e-06 7.35510e-07 4.90340e-07 1.96136e-06 9.80681e-07 1.22585e-06 2.20653e-06 7.35510e-07 1.71619e-06
4.90340e-07 1.47102e-06 7.35510e-07 4.90340e-07 1.22585e-06 9.80681e-07 2.20653e-06 1.71619e-06 7.35510e-07 2.45170e-06
1.96136e-06 1.22585e-06 1.71619e-06 1.22585e-06 2.20653e-06 7.35510e-07 1.47102e-06 1.71619e-06 9.80681e-07 2.45170e-06
1.22585e-06 9.80681e-07 1.47102e-06 1.71619e-06 1.47102e-06 9.80681e-07 2.45170e-07 9.80681e-07 1.71619e-06 1.96136e-06
1.22585e-06 1.96136e-06 1.22585e-06 1.71619e-06 7.35510e-07 1.71619e-06 7.35510e-07 2.20653e-06 1.47102e-06 1.71619e-06
2.20653e-06 7.35510e-07 7.35510e-07 1.71619e-06 1.22585e-06 2.45170e-06 9.80681e-07 7.35510e-07 1.47102e-06 1.71619e-06
2.94204e-06 1.71619e-06 1.96136e-06 1.71619e-06 9.80681e-07 9.80681e-07 1.47102e-06 1.47102e-06 3.18721e-06 2.45170e-06
2.20653e-06 1.96136e-06 1.47102e-06 1.47102e-06 7.35510e-07 1.47102e-06 1.96136e-06 1.22585e-06 2.20653e-06 1.71619e-06
4.90340e-07 7.35510e-07 4.90340e-07 7.35510e-07 4.90340e-07 4.90340e-07 1.22585e-06 4.90340e-07 1.22585e-06 1.22585e-06
9.80681e-07 1.47102e-06 9.80681e-07 1.47102e-06 9.80681e-07 1.96136e-06 1.22585e-06 1.47102e-06 4.90340e-07 2.20653e-06
9.80681e-07 4.90340e-07 9.80681e-07 7.35510e-07 1.22585e-06 2.20653e-06 2.45170e-06 1.71619e-06 9.80681e-07 1.47102e-06
1.22585e-06 1.71619e-06 1.47102e-06 1.71619e-06 1.22585e-06 1.71619e-06 1.22585e-06 1.96136e-06 1.71619e-06 1.71619e-06
2.45170e-06 2.20653e-06 1.22585e-06 1.47102e-06 2.20653e-06 1.22585e-06 4.90340e-07 1.71619e-06 1.47102e-06 1.22585e-06
2.45170e-06 9.80681e-07 1.22585e-06 7.35510e-07 1.96136e-06 1.22585e-06 9.80681e-07 9.80681e-07 7.35510e-07 1.22585e-06
3.92272e-06 1.96136e-06 2.69687e-06 3.18721e-06 3.92272e-06 1.47102e-06 1.47102e-06 1.96136e-06 2.20653e-06 3.18721e-06
4.16789e-06 1.96136e-06 7.35510e-07 1.71619e-06 2.45170e-06 2.20653e-06 3.43238e-06 2.20653e-06 2.94204e-06 9.80681e-07
7.35510e-07 9.80681e-07 1.22585e-06 1.22585e-06 4.90340e-07 9.80681e-07 1.71619e-06 1.22585e-06 2.45170e-07 1.22585e-06
1.96136e-06 2.45170e-07 4.90340e-07 2.45170e-07 1.47102e-06 7.35510e-07 1.47102e-06 2.45170e-07 1.22585e-06 2.69687e-06
1.22585e-06 9.80681e-07 9.80681e-07 9.80681e-07 7.35510e-07 1.22585e-06 1.96136e-06 9.80681e-07 1.47102e-06 2.94204e-06
1.47102e-06 1.47102e-06 1.47102e-06 4.90340e-07 2.45170e-07 7.35510e-07 1.47102e-06 9.80681e-07 1.22585e-06 2.45170e-06
2.45170e-06 2.20653e-06 1.22585e-06 7.35510e-07 4.90340e-07 7.35510e-07 9.80681e-07 1.47102e-06 1.47102e-06 3.67755e-06
1.96136e-06 1.22585e-06 7.35510e-07 7.35510e-07 9.80681e-07 7.35510e-07 4.90340e-07 1.22585e-06 9.80681e-07 1.22585e-06
2.94204e-06 2.69687e-06 1.96136e-06 9.80681e-07 1.71619e-06 1.96136e-06 1.22585e-06 2.20653e-06 1.47102e-06 3.43238e-06
2.94204e-06 2.94204e-06 1.96136e-06 2.45170e-06 2.45170e-06 2.20653e-06 1.22585e-06 1.47102e-06 2.45170e-06 3.43238e-06
1.96136e-06 2.20653e-06 1.71619e-06 1.47102e-06 1.47102e-06 1.22585e-06 7.35510e-07 9.80681e-07 0.00000e+00 1.96136e-06
2.45170e-06 2.69687e-06 1.22585e-06 3.18721e-06 1.22585e-06 3.43238e-06 4.90340e-07 1.71619e-06 1.71619e-06 1.47102e-06
1.71619e-06 2.94204e-06 7.35510e-07 1.96136e-06 1.22585e-06 1.71619e-06 1.22585e-06 1.71619e-06 1.22585e-06 1.71619e-06
2.69687e-06 1.96136e-06 4.90340e-07 7.35510e-07 7.35510e-07 7.35510e-07 4.90340e-07 1.22585e-06 2.20653e-06 1.47102e-06
1.71619e-06 7.35510e-07 9.80681e-07 4.90340e-07 1.22585e-06 4.90340e-07 4.90340e-07 7.35510e-07 7.35510e-07 1.47102e-06
1.22585e-06 4.90340e-07 4.90340e-07 2.45170e-07 4.90340e-07 1.22585e-06 4.90340e-07 9.80681e-07 1.47102e-06 9.80681e-07
4.41306e-06 2.69687e-06 7.35510e-07 1.22585e-06 2.45170e-07 1.96136e-06 2.20653e-06 9.80681e-07 1.71619e-06 1.47102e-06
2.45170e-06 3.67755e-06 1.47102e-06 9.80681e-07 7.35510e-07 1.47102e-06 1.96136e-06 1.47102e-06 1.47102e-06 1.47102e-06
7.35510e-07 1.47102e-06 7.35510e-07 7.35510e-07 9.80681e-07 7.35510e-07 9.80681e-07 7.35510e-07 7.35510e-07 4.90340e-07
1.96136e-06 1.47102e-06 1.71619e-06 4.90340e-07 2.45170e-07 4.90340e-07 4.90340e-07 7.35510e-07 9.80681e-07 9.80681e-07
9.80681e-07 2.20653e-06 7.35510e-07 2.45170e-07 7.35510e-07 0.00000e+00 7.35510e-07 1.71619e-06 1.22585e-06 1.47102e-06
1.71619e-06 2.69687e-06 2.45170e-07 2.45170e-07 7.35510e-07 4.90340e-07 0.00000e+00 7.35510e-07 1.22585e-06 2.94204e-06
2.20653e-06 1.96136e-06 7.35510e-07 4.90340e-07 9.80681e-07 2.20653e-06 1.47102e-06 1.22585e-06 1.22585e-06 2.45170e-06
9.80681e-07 9.80681e-07 1.22585e-06 4.90340e-07 1.22585e-06 7.35510e-07 7.35510e-07 4.90340e-07 9.80681e-07 1.22585e-06
1.47102e-06 7.35510e-07 9.80681e-07 4.90340e-07 7.35510e-07 1.96136e-06 7.35510e-07 1.47102e-06 1.47102e-06 9.80681e-07
3.67755e-06 1.22585e-06 1.22585e-06 9.80681e-07 7.35510e-07 1.47102e-06 1.47102e-06 1.71619e-06 1.96136e-06 9.80681e-07
1.96136e-06 7.35510e-07 7.35510e-07 4.90340e-07 7.35510e-07 1.22585e-06 0.00000e+00 4.90340e-07 1.47102e-06 9.80681e-07
2.69687e-06 1.47102e-06 4.90340e-07 1.22585e-06 1.22585e-06 7.35510e-07 7.35510e-07 9.80681e-07 1.71619e-06 1.22585e-06
1.47102e-06 1.47102e-06 1.22585e-06 7.35510e-07 9.80681e-07 1.22585e-06 4.90340e-07 1.47102e-06 1.22585e-06 1.96136e-06
2.45170e-06 1.71619e-06 9.80681e-07 4.90340e-07 9.80681e-07 4.90340e-07 9.80681e-07 1.71619e-06 2.20653e-06 1.96136e-06
1.71619e-06 7.35510e-07 1.22585e-06 1.22585e-06 9.80681e-07 1.22585e-06 1.96136e-06 1.22585e-06 1.47102e-06 2.69687e-06
2.20653e-06 4.90340e-07 1.47102e-06 4.90340e-07 1.22585e-06 1.22585e-06 7.35510e-07 9.80681e-07 1.22585e-06 7.35510e-07
2.45170e-06 1.96136e-06 9.80681e-07 1.47102e-06 2.94204e-06 2.69687e-06 1.71619e-06 1.96136e-06 2.20653e-06 3.67755e-06
2.45170e-06 1.47102e-06 9.80681e-07 1.96136e-06 2.20653e-06 1.96136e-06 7.35510e-07 1.47102e-06 7.35510e-07 1.47102e-06
9.80681e-07 2.45170e-07 1.96136e-06 1.71619e-06 1.71619e-06 7.35510e-07 2.45170e-07 9.80681e-07 2.45170e-07 4.90340e-07
2.45170e-07 1.22585e-06 7.35510e-07 1.47102e-06 9.80681e-07 1.47102e-06 9.80681e-07 9.80681e-07 7.35510e-07 1.47102e-06
1.47102e-06 1.47102e-06 1.22585e-06 4.90340e-07 7.35510e-07 9.80681e-07 9.80681e-07 1.71619e-06 1.22585e-06 1.96136e-06
2.69687e-06 1.47102e-06 1.22585e-06 1.22585e-06 7.35510e-07 2.45170e-07 1.47102e-06 1.71619e-06 2.45170e-07 1.71619e-06
1.71619e-06 9.80681e-07 9.80681e-07 7.35510e-07 7.35510e-07 9.80681e-07 1.22585e-06 1.22585e-06 2.20653e-06 9.80681e-07
7.35510e-07 2.45170e-07 7.35510e-07 4.90340e-07 4.90340e-07 9.80681e-07 2.45170e-07 7.35510e-07 9.80681e-07 9.80681e-07
3.43238e-06 1.96136e-06 1.96136e-06 9.80681e-07 1.22585e-06 1.71619e-06 1.47102e-06 1.47102e-06 1.47102e-06 2.45170e-06
2.45170e-06 1.22585e-06 4.90340e-07 1.96136e-06 9.80681e-07 1.47102e-06 1.22585e-06 9.80681e-07 1.22585e-06 1.47102e-06
1.22585e-06 4.90340e-07 1.22585e-06 9.80681e-07 4.90340e-07 7.35510e-07 7.35510e-07 4.90340e-07 4.90340e-07 1.22585e-06
2.20653e-06 9.80681e-07 7.35510e-07 4.90340e-07 1.22585e-06 9.80681e-07 1.22585e-06 1.22585e-06 2.20653e-06 1.96136e-06
4.65823e-06 1.96136e-06 2.45170e-07 7.35510e-07 9.80681e-07 1.22585e-06 2.45170e-07 1.71619e-06 2.45170e-06 2.45170e-06
1.96136e-06 7.35510e-07 4.90340e-07 1.22585e-06 7.35510e-07 1.47102e-06 1.22585e-06 1.71619e-06 1.47102e-06 2.69687e-06
1.47102e-06 1.22585e-06 2.45170e-07 7.35510e-07 1.22585e-06 1.22585e-06 7.35510e-07 1.47102e-06 1.22585e-06 3.67755e-06
1.22585e-06 9.80681e-07 9.80681e-07 2.45170e-07 7.35510e-07 1.71619e-06 1.22585e-06 2.20653e-06 1.96136e-06 2.20653e-06
1.96136e-06 1.71619e-06 2.94204e-06 2.69687e-06 4.90340e-07 2.69687e-06 2.45170e-06 1.96136e-06 2.94204e-06 2.45170e-06
2.20653e-06 2.69687e-06 4.90340e-07 1.47102e-06 1.96136e-06 1.71619e-06 1.47102e-06 1.22585e-06 3.43238e-06 5.14857e-06
1.71619e-06 4.90340e-07 4.90340e-07 9.80681e-07 1.22585e-06 4.90340e-07 4.90340e-07 9.80681e-07 9.80681e-07 2.94204e-06
2.45170e-06 1.71619e-06 1.22585e-06 1.22585e-06 1.96136e-06 1.22585e-06 9.80681e-07 1.47102e-06 1.47102e-06 1.71619e-06
1.71619e-06 1.22585e-06 9.80681e-07 4.90340e-07 1.22585e-06 4.90340e-07 1.47102e-06 1.71619e-06 1.22585e-06 1.22585e-06
9.80681e-07 1.47102e-06 9.80681e-07 7.35510e-07 1.47102e-06 1.22585e-06 7.35510e-07 2.45170e-06 2.20653e-06 1.71619e-06
1.71619e-06 4.90340e-07 1.22585e-06 1.22585e-06 9.80681e-07 1.47102e-06 1.96136e-06 2.45170e-06 1.71619e-06 2.94204e-06
1.47102e-06 7.35510e-07 9.80681e-07 7.35510e-07 7.35510e-07 1.22585e-06 2.45170e-07 1.96136e-06 1.96136e-06 2.45170e-06
2.20653e-06 1.96136e-06 1.47102e-06 1.22585e-06 1.47102e-06 1.22585e-06 1.47102e-06 1.71619e-06 1.71619e-06 2.45170e-06
3.67755e-06 2.20653e-06 9.80681e-07 1.47102e-06 3.67755e-06 1.96136e-06 2.20653e-06 3.67755e-06 4.41306e-06 2.45170e-06
2.94204e-06 1.47102e-06 9.80681e-07 9.80681e-07 7.35510e-07 2.20653e-06 9.80681e-07 9.80681e-07 1.96136e-06 1.47102e-06
4.65823e-06 2.20653e-06 7.35510e-07 1.22585e-06 1.22585e-06 1.71619e-06 9.80681e-07 1.71619e-06 1.47102e-06 2.69687e-06
2.45170e-06 1.71619e-06 1.71619e-06 2.45170e-06 2.20653e-06 1.22585e-06 9.80681e-07 1.96136e-06 1.96136e-06 3.18721e-06
2.69687e-06 2.94204e-06 1.71619e-06 7.35510e-07 2.69687e-06 2.20653e-06 1.96136e-06 1.47102e-06 1.47102e-06 3.18721e-06
3.43238e-06 3.18721e-06 1.96136e-06 2.20653e-06 2.45170e-06 1.96136e-06 1.22585e-06 1.22585e-06 1.71619e-06 3.67755e-06
2.94204e-06 1.47102e-06 9.80681e-07 7.35510e-07 1.47102e-06 9.80681e-07 2.20653e-06 1.71619e-06 1.22585e-06 9.80681e-07
5.63891e-06 4.16789e-06 1.96136e-06 2.45170e-06 3.18721e-06 3.18721e-06 1.47102e-06 2.45170e-06 1.47102e-06 2.20653e-06
3.18721e-06 4.90340e-06 1.47102e-06 1.71619e-06 3.67755e-06 1.47102e-06 1.22585e-06 9.80681e-07 3.43238e-06 3.67755e-06
1.71619e-06 4.90340e-07 7.35510e-07 9.80681e-07 4.90340e-07 9.80681e-07 1.22585e-06 4.90340e-07 1.22585e-06 2.69687e-06
2.94204e-06 7.35510e-07 1.22585e-06 4.90340e-07 1.96136e-06 1.47102e-06 1.47102e-06 1.71619e-06 2.69687e-06 5.14857e-06
3.43238e-06 1.96136e-06 1.47102e-06 1.47102e-06 1.22585e-06 9.80681e-07 9.80681e-07 1.71619e-06 2.94204e-06 2.20653e-06
2.45170e-06 9.80681e-07 9.80681e-07 7.35510e-07 2.20653e-06 2.69687e-06 1.22585e-06 1.22585e-06 1.71619e-06 2.69687e-06
2.20653e-06 2.94204e-06 1.96136e-06 1.22585e-06 1.47102e-06 9.80681e-07 7.35510e-07 9.80681e-07 1.22585e-06 3.43238e-06
2.20653e-06 2.69687e-06 2.45170e-06 9.80681e-07 9.80681e-07 1.22585e-06 9.80681e-07 7.35510e-07 2.45170e-06 2.69687e-06
4.65823e-06 4.90340e-06 3.67755e-06 2.69687e-06 3.43238e-06 3.92272e-06 2.45170e-06 2.94204e-06 3.67755e-06 6.12925e-06
1.96136e-06 1.47102e-06 9.80681e-07 7.35510e-07 1.96136e-06 2.20653e-06 4.90340e-07 1.22585e-06 9.80681e-07 3.92272e-06
2.20653e-06 1.96136e-06 1.96136e-06 1.71619e-06 1.96136e-06 2.20653e-06 1.47102e-06 1.96136e-06 1.71619e-06 1.96136e-06
3.67755e-06 2.45170e-06 1.22585e-06 1.71619e-06 1.96136e-06 2.94204e-06 1.47102e-06 1.71619e-06 1.47102e-06 1.22585e-06
3.18721e-06 4.16789e-06 1.96136e-06 1.71619e-06 2.20653e-06 2.20653e-06 1.22585e-06 2.20653e-06 2.20653e-06 2.94204e-06
3.18721e-06 2.69687e-06 3.92272e-06 2.45170e-06 1.71619e-06 1.47102e-06 2.69687e-06 1.96136e-06 2.94204e-06 4.41306e-06
2.94204e-06 1.47102e-06 1.96136e-06 1.96136e-06 1.47102e-06 2.45170e-06 2.20653e-06 1.96136e-06 2.69687e-06 1.96136e-06
3.92272e-06 3.18721e-06 2.94204e-06 2.20653e-06 1.96136e-06 1.96136e-06 1.96136e-06 2.69687e-06 2.20653e-06 2.20653e-06
4.41306e-06 3.67755e-06 2.20653e-06 2.20653e-06 1.96136e-06 2.45170e-06 2.45170e-06 2.20653e-06 2.45170e-06 3.43238e-06
4.41306e-06 4.16789e-06 2.20653e-06 1.96136e-06 2.69687e-06 2.45170e-06 2.94204e-06 2.20653e-06 2.69687e-06 3.92272e-06
3.18721e-06 4.16789e-06 2.94204e-06 2.20653e-06 2.45170e-06 2.94204e-06 3.18721e-06 3.67755e-06 3.67755e-06 2.94204e-06
2.94204e-06 3.43238e-06 2.20653e-06 1.71619e-06 7.35510e-07 3.18721e-06 2.20653e-06 3.92272e-06 3.43238e-06 3.92272e-06
3.92272e-06 1.71619e-06 2.69687e-06 1.96136e-06 1.71619e-06 2.45170e-06 1.96136e-06 1.22585e-06 2.69687e-06 4.16789e-06
5.14857e-06 3.43238e-06 4.65823e-06 1.47102e-06 2.45170e-06 4.65823e-06 4.41306e-06 4.41306e-06 4.16789e-06 6.86476e-06
