3.08914e-06 1.98588e-06 2.20653e-06 1.54457e-06 8.82613e-07 2.64784e-06 1.76523e-06 2.86849e-06 3.30980e-06 4.19241e-06
2.64784e-06 2.42718e-06 2.42718e-06 2.20653e-06 1.32392e-06 2.20653e-06 1.54457e-06 1.76523e-06 2.42718e-06 2.64784e-06
1.32392e-06 1.10327e-06 8.82613e-07 1.32392e-06 1.10327e-06 6.61959e-07 2.20653e-06 1.76523e-06 6.61959e-07 1.76523e-06
1.32392e-06 1.10327e-06 1.76523e-06 1.54457e-06 8.82613e-07 4.41306e-07 1.32392e-06 1.10327e-06 8.82613e-07 2.42718e-06
2.64784e-06 1.54457e-06 1.32392e-06 2.20653e-06 1.76523e-06 1.10327e-06 8.82613e-07 4.41306e-07 8.82613e-07 2.64784e-06
1.98588e-06 2.20653e-06 1.10327e-06 1.10327e-06 1.98588e-06 1.10327e-06 6.61959e-07 4.41306e-07 1.10327e-06 2.86849e-06
1.32392e-06 2.20653e-06 1.32392e-06 8.82613e-07 1.32392e-06 1.32392e-06 8.82613e-07 8.82613e-07 6.61959e-07 1.98588e-06
1.54457e-06 1.10327e-06 1.76523e-06 1.10327e-06 6.61959e-07 6.61959e-07 6.61959e-07 1.54457e-06 1.54457e-06 1.98588e-06
2.20653e-06 1.10327e-06 2.20653e-06 1.32392e-06 1.54457e-06 1.10327e-06 1.32392e-06 2.20653e-06 1.10327e-06 1.76523e-06
1.98588e-06 2.42718e-06 1.76523e-06 2.20653e-07 1.32392e-06 8.82613e-07 1.32392e-06 1.10327e-06 1.10327e-06 1.98588e-06
8.82613e-07 1.32392e-06 1.10327e-06 2.20653e-07 6.61959e-07 1.98588e-06 1.32392e-06 6.61959e-07 8.82613e-07 2.20653e-06
3.53045e-06 1.10327e-06 1.10327e-06 1.32392e-06 6.61959e-07 1.32392e-06 6.61959e-07 1.10327e-06 1.54457e-06 2.42718e-06
1.54457e-06 1.32392e-06 4.41306e-07 6.61959e-07 8.82613e-07 1.32392e-06 4.41306e-07 1.10327e-06 1.10327e-06 2.20653e-06
1.32392e-06 8.82613e-07 8.82613e-07 1.76523e-06 8.82613e-07 6.61959e-07 8.82613e-07 1.54457e-06 8.82613e-07 3.08914e-06
1.32392e-06 6.61959e-07 8.82613e-07 8.82613e-07 8.82613e-07 6.61959e-07 8.82613e-07 1.54457e-06 1.10327e-06 1.76523e-06
1.54457e-06 1.10327e-06 6.61959e-07 8.82613e-07 6.61959e-07 8.82613e-07 1.32392e-06 6.61959e-07 1.32392e-06 8.82613e-07
3.97176e-06 1.10327e-06 1.98588e-06 1.32392e-06 1.98588e-06 1.54457e-06 2.20653e-06 2.86849e-06 1.76523e-06 3.08914e-06
1.54457e-06 1.10327e-06 1.32392e-06 8.82613e-07 6.61959e-07 1.54457e-06 1.32392e-06 1.76523e-06 2.86849e-06 2.42718e-06
1.54457e-06 8.82613e-07 6.61959e-07 4.41306e-07 4.41306e-07 1.10327e-06 1.10327e-06 1.32392e-06 1.10327e-06 8.82613e-07
1.54457e-06 1.54457e-06 6.61959e-07 2.20653e-07 1.10327e-06 1.76523e-06 1.10327e-06 8.82613e-07 8.82613e-07 1.32392e-06
1.32392e-06 1.10327e-06 8.82613e-07 1.32392e-06 1.54457e-06 2.20653e-06 6.61959e-07 1.54457e-06 4.41306e-07 1.98588e-06
1.54457e-06 1.10327e-06 1.54457e-06 1.10327e-06 1.76523e-06 2.20653e-06 2.64784e-06 8.82613e-07 0.00000e+00 2.42718e-06
1.76523e-06 8.82613e-07 1.76523e-06 2.20653e-06 8.82613e-07 1.10327e-06 1.54457e-06 4.41306e-07 1.32392e-06 1.32392e-06
1.10327e-06 1.10327e-06 8.82613e-07 1.32392e-06 1.98588e-06 8.82613e-07 1.32392e-06 1.32392e-06 1.76523e-06 1.32392e-06
3.53045e-06 1.54457e-06 8.82613e-07 2.20653e-06 3.08914e-06 1.76523e-06 2.20653e-06 1.54457e-06 2.64784e-06 3.30980e-06
3.08914e-06 1.98588e-06 1.76523e-06 1.54457e-06 1.32392e-06 1.54457e-06 2.20653e-06 1.76523e-06 1.54457e-06 2.20653e-06
1.54457e-06 6.61959e-07 6.61959e-07 6.61959e-07 8.82613e-07 4.41306e-07 1.32392e-06 1.54457e-06 4.41306e-07 1.10327e-06
3.08914e-06 8.82613e-07 1.10327e-06 6.61959e-07 1.32392e-06 1.10327e-06 1.98588e-06 6.61959e-07 6.61959e-07 1.32392e-06
2.20653e-06 1.10327e-06 1.98588e-06 1.32392e-06 1.54457e-06 1.10327e-06 6.61959e-07 1.10327e-06 1.54457e-06 1.76523e-06
2.86849e-06 1.10327e-06 6.61959e-07 1.10327e-06 1.10327e-06 1.32392e-06 4.41306e-07 1.54457e-06 2.20653e-06 1.54457e-06
2.42718e-06 1.32392e-06 1.10327e-06 1.98588e-06 1.54457e-06 1.76523e-06 4.41306e-07 6.61959e-07 1.10327e-06 1.54457e-06
6.61959e-07 1.76523e-06 6.61959e-07 1.10327e-06 1.10327e-06 1.32392e-06 6.61959e-07 4.41306e-07 1.10327e-06 2.20653e-06
1.76523e-06 1.32392e-06 1.32392e-06 6.61959e-07 1.98588e-06 8.82613e-07 1.32392e-06 1.54457e-06 1.54457e-06 1.54457e-06
1.98588e-06 1.32392e-06 1.32392e-06 1.54457e-06 1.54457e-06 2.20653e-07 1.76523e-06 1.32392e-06 2.20653e-06 1.76523e-06
1.32392e-06 8.82613e-07 8.82613e-07 8.82613e-07 1.10327e-06 1.54457e-06 0.00000e+00 4.41306e-07 6.61959e-07 8.82613e-07
1.76523e-06 1.32392e-06 1.10327e-06 1.98588e-06 8.82613e-07 1.10327e-06 1.10327e-06 1.76523e-06 1.54457e-06 1.32392e-06
2.20653e-06 1.32392e-06 1.10327e-06 4.41306e-07 1.32392e-06 8.82613e-07 1.76523e-06 1.76523e-06 2.20653e-07 1.76523e-06
1.10327e-06 1.32392e-06 1.10327e-06 1.32392e-06 2.20653e-07 8.82613e-07 4.41306e-07 1.76523e-06 1.76523e-06 2.42718e-06
1.32392e-06 6.61959e-07 6.61959e-07 1.10327e-06 8.82613e-07 1.32392e-06 1.76523e-06 6.61959e-07 1.54457e-06 1.76523e-06
1.76523e-06 6.61959e-07 8.82613e-07 8.82613e-07 8.82613e-07 1.10327e-06 8.82613e-07 2.20653e-07 1.76523e-06 1.54457e-06
3.08914e-06 1.98588e-06 1.54457e-06 1.32392e-06 1.98588e-06 1.98588e-06 8.82613e-07 1.76523e-06 2.42718e-06 2.20653e-06
4.19241e-06 2.42718e-06 2.20653e-06 1.10327e-06 1.98588e-06 3.08914e-06 1.32392e-06 1.76523e-06 1.32392e-06 2.42718e-06
2.20653e-06 6.61959e-07 8.82613e-07 4.41306e-07 1.10327e-06 1.54457e-06 2.20653e-07 1.32392e-06 8.82613e-07 1.76523e-06
1.98588e-06 1.10327e-06 2.20653e-07 1.32392e-06 1.54457e-06 4.41306e-07 6.61959e-07 1.10327e-06 1.54457e-06 1.98588e-06
2.64784e-06 6.61959e-07 1.10327e-06 1.10327e-06 6.61959e-07 4.41306e-07 4.41306e-07 1.32392e-06 1.32392e-06 2.64784e-06
2.64784e-06 1.54457e-06 1.10327e-06 1.32392e-06 8.82613e-07 4.41306e-07 4.41306e-07 4.41306e-07 1.10327e-06 3.08914e-06
2.42718e-06 1.76523e-06 2.20653e-06 6.61959e-07 8.82613e-07 1.10327e-06 8.82613e-07 8.82613e-07 6.61959e-07 2.20653e-06
1.98588e-06 1.98588e-06 1.32392e-06 1.32392e-06 8.82613e-07 1.32392e-06 8.82613e-07 1.10327e-06 1.10327e-06 1.32392e-06
3.08914e-06 2.42718e-06 1.54457e-06 1.76523e-06 2.20653e-06 1.54457e-06 1.76523e-06 1.54457e-06 1.32392e-06 2.42718e-06
3.08914e-06 1.76523e-06 2.20653e-06 2.42718e-06 8.82613e-07 2.42718e-06 1.98588e-06 1.10327e-06 6.61959e-07 2.64784e-06
1.76523e-06 8.82613e-07 8.82613e-07 1.10327e-06 2.20653e-07 4.41306e-07 6.61959e-07 8.82613e-07 1.54457e-06 1.32392e-06
1.10327e-06 6.61959e-07 1.54457e-06 1.10327e-06 6.61959e-07 8.82613e-07 8.82613e-07 6.61959e-07 2.42718e-06 1.98588e-06
1.10327e-06 8.82613e-07 4.41306e-07 6.61959e-07 6.61959e-07 1.10327e-06 1.10327e-06 2.20653e-07 1.54457e-06 8.82613e-07
2.20653e-06 1.98588e-06 2.20653e-07 8.82613e-07 1.54457e-06 1.54457e-06 8.82613e-07 1.54457e-06 1.10327e-06 1.32392e-06
2.42718e-06 1.32392e-06 1.10327e-06 6.61959e-07 4.41306e-07 1.10327e-06 8.82613e-07 4.41306e-07 1.54457e-06 1.10327e-06
1.54457e-06 1.98588e-06 1.10327e-06 1.54457e-06 2.20653e-07 6.61959e-07 4.41306e-07 8.82613e-07 6.61959e-07 1.54457e-06
2.20653e-06 1.32392e-06 1.54457e-06 1.32392e-06 1.10327e-06 8.82613e-07 1.32392e-06 6.61959e-07 1.10327e-06 1.98588e-06
1.76523e-06 1.32392e-06 1.10327e-06 8.82613e-07 1.76523e-06 1.32392e-06 8.82613e-07 1.54457e-06 1.54457e-06 2.64784e-06
1.54457e-06 8.82613e-07 8.82613e-07 8.82613e-07 4.41306e-07 6.61959e-07 8.82613e-07 1.76523e-06 1.10327e-06 6.61959e-07
1.10327e-06 8.82613e-07 1.32392e-06 8.82613e-07 4.41306e-07 2.20653e-07 8.82613e-07 1.10327e-06 8.82613e-07 1.76523e-06
1.32392e-06 8.82613e-07 8.82613e-07 6.61959e-07 1.54457e-06 1.76523e-06 1.32392e-06 1.32392e-06 1.10327e-06 1.98588e-06
1.32392e-06 6.61959e-07 6.61959e-07 4.41306e-07 1.32392e-06 8.82613e-07 4.41306e-07 6.61959e-07 8.82613e-07 1.98588e-06
2.20653e-06 1.54457e-06 4.41306e-07 8.82613e-07 1.32392e-06 1.54457e-06 6.61959e-07 8.82613e-07 6.61959e-07 1.10327e-06
2.42718e-06 8.82613e-07 1.54457e-06 1.76523e-06 6.61959e-07 1.32392e-06 1.54457e-06 4.41306e-07 4.41306e-07 8.82613e-07
3.08914e-06 2.20653e-06 1.54457e-06 1.32392e-06 1.10327e-06 1.98588e-06 2.42718e-06 1.32392e-06 1.32392e-06 2.20653e-06
2.86849e-06 1.54457e-06 1.54457e-06 1.32392e-06 1.54457e-06 8.82613e-07 1.10327e-06 1.10327e-06 2.64784e-06 2.64784e-06
8.82613e-07 4.41306e-07 0.00000e+00 6.61959e-07 4.41306e-07 1.32392e-06 6.61959e-07 6.61959e-07 1.10327e-06 1.10327e-06
1.54457e-06 8.82613e-07 4.41306e-07 1.76523e-06 6.61959e-07 6.61959e-07 4.41306e-07 6.61959e-07 6.61959e-07 1.76523e-06
1.54457e-06 8.82613e-07 4.41306e-07 8.82613e-07 1.32392e-06 1.32392e-06 6.61959e-07 8.82613e-07 6.61959e-07 1.54457e-06
6.61959e-07 8.82613e-07 6.61959e-07 4.41306e-07 1.32392e-06 8.82613e-07 8.82613e-07 1.10327e-06 6.61959e-07 2.64784e-06
1.32392e-06 4.41306e-07 1.54457e-06 8.82613e-07 6.61959e-07 8.82613e-07 6.61959e-07 1.54457e-06 4.41306e-07 1.10327e-06
2.42718e-06 1.10327e-06 1.32392e-06 1.54457e-06 1.10327e-06 1.10327e-06 6.61959e-07 1.10327e-06 1.32392e-06 2.42718e-06
2.42718e-06 1.32392e-06 8.82613e-07 1.98588e-06 1.10327e-06 1.10327e-06 6.61959e-07 1.98588e-06 2.20653e-06 3.53045e-06
3.08914e-06 1.98588e-06 1.54457e-06 1.76523e-06 1.54457e-06 1.76523e-06 1.32392e-06 2.20653e-06 1.32392e-06 3.53045e-06
2.42718e-06 1.10327e-06 1.10327e-06 6.61959e-07 4.41306e-07 1.10327e-06 6.61959e-07 1.98588e-06 1.10327e-06 1.98588e-06
1.54457e-06 1.98588e-06 1.10327e-06 2.20653e-07 4.41306e-07 1.32392e-06 6.61959e-07 1.98588e-06 1.10327e-06 2.64784e-06
2.42718e-06 2.42718e-06 1.98588e-06 2.20653e-06 8.82613e-07 1.32392e-06 2.20653e-07 1.10327e-06 1.10327e-06 2.86849e-06
1.98588e-06 1.98588e-06 8.82613e-07 4.41306e-07 6.61959e-07 2.20653e-07 8.82613e-07 8.82613e-07 6.61959e-07 2.42718e-06
1.76523e-06 8.82613e-07 8.82613e-07 2.20653e-07 4.41306e-07 8.82613e-07 8.82613e-07 8.82613e-07 1.76523e-06 2.64784e-06
8.82613e-07 1.32392e-06 8.82613e-07 8.82613e-07 4.41306e-07 4.41306e-07 2.20653e-07 8.82613e-07 1.10327e-06 1.98588e-06
1.10327e-06 1.32392e-06 2.64784e-06 1.32392e-06 2.20653e-07 4.41306e-07 1.10327e-06 1.76523e-06 1.32392e-06 1.76523e-06
1.98588e-06 1.10327e-06 8.82613e-07 1.54457e-06 6.61959e-07 8.82613e-07 1.32392e-06 1.54457e-06 1.10327e-06 1.54457e-06
2.20653e-07 8.82613e-07 2.20653e-07 6.61959e-07 4.41306e-07 8.82613e-07 2.20653e-07 6.61959e-07 4.41306e-07 6.61959e-07
1.54457e-06 8.82613e-07 8.82613e-07 1.10327e-06 0.00000e+00 1.32392e-06 4.41306e-07 2.20653e-07 6.61959e-07 1.10327e-06
1.76523e-06 4.41306e-07 0.00000e+00 8.82613e-07 1.32392e-06 1.76523e-06 1.76523e-06 1.32392e-06 1.76523e-06 2.20653e-06
1.54457e-06 1.10327e-06 8.82613e-07 1.32392e-06 1.32392e-06 8.82613e-07 6.61959e-07 1.32392e-06 1.10327e-06 1.54457e-06
2.86849e-06 1.10327e-06 4.41306e-07 6.61959e-07 6.61959e-07 1.54457e-06 1.32392e-06 1.10327e-06 1.32392e-06 1.32392e-06
1.54457e-06 6.61959e-07 4.41306e-07 2.20653e-07 4.41306e-07 4.41306e-07 2.20653e-07 4.41306e-07 4.41306e-07 1.54457e-06
2.64784e-06 1.32392e-06 1.54457e-06 1.32392e-06 8.82613e-07 8.82613e-07 4.41306e-07 1.32392e-06 1.10327e-06 2.64784e-06
1.54457e-06 1.76523e-06 1.54457e-06 1.54457e-06 4.41306e-07 8.82613e-07 8.82613e-07 2.20653e-06 1.54457e-06 3.30980e-06
1.10327e-06 1.76523e-06 8.82613e-07 8.82613e-07 1.10327e-06 8.82613e-07 8.82613e-07 8.82613e-07 1.10327e-06 3.08914e-06
2.42718e-06 1.76523e-06 1.32392e-06 1.32392e-06 1.98588e-06 1.98588e-06 6.61959e-07 4.41306e-07 8.82613e-07 1.76523e-06
1.98588e-06 1.32392e-06 6.61959e-07 4.41306e-07 1.32392e-06 6.61959e-07 8.82613e-07 1.10327e-06 8.82613e-07 2.20653e-06
1.54457e-06 8.82613e-07 1.32392e-06 4.41306e-07 6.61959e-07 1.54457e-06 1.10327e-06 1.10327e-06 1.54457e-06 2.20653e-06
1.98588e-06 1.10327e-06 1.10327e-06 2.20653e-07 6.61959e-07 6.61959e-07 6.61959e-07 1.32392e-06 8.82613e-07 1.10327e-06
1.76523e-06 1.10327e-06 8.82613e-07 6.61959e-07 1.10327e-06 8.82613e-07 1.10327e-06 1.32392e-06 1.32392e-06 2.64784e-06
1.98588e-06 1.54457e-06 1.76523e-06 1.10327e-06 1.32392e-06 2.20653e-07 1.32392e-06 1.54457e-06 2.20653e-06 2.64784e-06
1.98588e-06 1.32392e-06 1.10327e-06 1.10327e-06 1.10327e-06 1.32392e-06 1.98588e-06 1.10327e-06 1.54457e-06 2.20653e-06
1.10327e-06 4.41306e-07 2.20653e-07 8.82613e-07 8.82613e-07 1.32392e-06 1.10327e-06 1.10327e-06 4.41306e-07 2.20653e-07
1.98588e-06 8.82613e-07 1.10327e-06 1.10327e-06 8.82613e-07 1.32392e-06 1.32392e-06 6.61959e-07 1.32392e-06 1.98588e-06
2.42718e-06 6.61959e-07 8.82613e-07 1.10327e-06 6.61959e-07 6.61959e-07 1.32392e-06 1.32392e-06 1.76523e-06 1.98588e-06
2.20653e-06 2.42718e-06 8.82613e-07 1.32392e-06 1.54457e-06 1.54457e-06 1.54457e-06 0.00000e+00 1.76523e-06 1.10327e-06
1.98588e-06 8.82613e-07 8.82613e-07 1.76523e-06 6.61959e-07 1.10327e-06 8.82613e-07 1.32392e-06 8.82613e-07 6.61959e-07
2.20653e-06 8.82613e-07 6.61959e-07 6.61959e-07 4.41306e-07 4.41306e-07 8.82613e-07 4.41306e-07 1.10327e-06 1.54457e-06
2.64784e-06 1.98588e-06 1.54457e-06 1.76523e-06 6.61959e-07 6.61959e-07 6.61959e-07 1.76523e-06 1.54457e-06 2.64784e-06
1.98588e-06 1.54457e-06 1.54457e-06 1.98588e-06 1.76523e-06 1.10327e-06 1.10327e-06 1.54457e-06 6.61959e-07 2.20653e-06
2.20653e-06 1.54457e-06 1.32392e-06 8.82613e-07 8.82613e-07 4.41306e-07 1.32392e-06 8.82613e-07 6.61959e-07 1.32392e-06
2.20653e-06 8.82613e-07 1.10327e-06 8.82613e-07 8.82613e-07 0.00000e+00 4.41306e-07 6.61959e-07 4.41306e-07 6.61959e-07
2.42718e-06 1.10327e-06 8.82613e-07 1.10327e-06 1.32392e-06 1.10327e-06 1.10327e-06 1.32392e-06 2.20653e-07 8.82613e-07
1.32392e-06 4.41306e-07 6.61959e-07 2.20653e-07 1.32392e-06 1.10327e-06 8.82613e-07 4.41306e-07 1.10327e-06 2.64784e-06
3.08914e-06 1.54457e-06 1.10327e-06 1.10327e-06 1.76523e-06 1.10327e-06 1.10327e-06 1.76523e-06 1.32392e-06 2.20653e-06
1.32392e-06 1.32392e-06 2.20653e-07 4.41306e-07 6.61959e-07 8.82613e-07 8.82613e-07 0.00000e+00 1.10327e-06 2.20653e-06
2.64784e-06 1.98588e-06 8.82613e-07 1.54457e-06 1.76523e-06 1.32392e-06 4.41306e-07 1.10327e-06 2.42718e-06 2.42718e-06
6.61959e-07 8.82613e-07 1.76523e-06 1.76523e-06 1.10327e-06 0.00000e+00 0.00000e+00 1.10327e-06 1.54457e-06 2.20653e-06
1.32392e-06 2.20653e-07 1.10327e-06 1.10327e-06 6.61959e-07 0.00000e+00 2.20653e-07 4.41306e-07 4.41306e-07 1.32392e-06
1.54457e-06 4.41306e-07 1.32392e-06 6.61959e-07 1.10327e-06 4.41306e-07 8.82613e-07 4.41306e-07 1.32392e-06 2.86849e-06
2.42718e-06 6.61959e-07 1.10327e-06 1.32392e-06 8.82613e-07 2.20653e-07 8.82613e-07 6.61959e-07 4.41306e-07 1.32392e-06
1.76523e-06 1.32392e-06 6.61959e-07 1.10327e-06 4.41306e-07 8.82613e-07 1.10327e-06 1.32392e-06 6.61959e-07 2.86849e-06
1.76523e-06 1.32392e-06 1.54457e-06 8.82613e-07 8.82613e-07 1.32392e-06 1.10327e-06 1.76523e-06 1.32392e-06 1.98588e-06
1.76523e-06 1.10327e-06 6.61959e-07 4.41306e-07 4.41306e-07 6.61959e-07 6.61959e-07 6.61959e-07 1.32392e-06 8.82613e-07
1.76523e-06 1.54457e-06 1.10327e-06 8.82613e-07 1.10327e-06 6.61959e-07 1.32392e-06 1.10327e-06 1.32392e-06 1.32392e-06
1.98588e-06 2.42718e-06 1.10327e-06 6.61959e-07 1.32392e-06 1.32392e-06 1.32392e-06 1.10327e-06 1.76523e-06 1.76523e-06
1.54457e-06 1.32392e-06 2.20653e-06 8.82613e-07 1.54457e-06 1.10327e-06 8.82613e-07 8.82613e-07 8.82613e-07 2.86849e-06
2.20653e-06 1.10327e-06 2.20653e-06 1.54457e-06 1.32392e-06 8.82613e-07 1.10327e-06 1.32392e-06 1.10327e-06 2.20653e-06
1.76523e-06 1.10327e-06 2.42718e-06 8.82613e-07 8.82613e-07 1.76523e-06 1.76523e-06 1.76523e-06 1.10327e-06 1.32392e-06
1.76523e-06 1.76523e-06 1.98588e-06 1.32392e-06 6.61959e-07 8.82613e-07 6.61959e-07 6.61959e-07 4.41306e-07 6.61959e-07
3.30980e-06 1.76523e-06 1.76523e-06 1.76523e-06 8.82613e-07 6.61959e-07 6.61959e-07 2.20653e-07 6.61959e-07 2.20653e-06
1.54457e-06 8.82613e-07 1.32392e-06 4.41306e-07 6.61959e-07 8.82613e-07 6.61959e-07 4.41306e-07 4.41306e-07 6.61959e-07
2.64784e-06 1.54457e-06 6.61959e-07 1.32392e-06 1.32392e-06 1.10327e-06 6.61959e-07 1.32392e-06 1.54457e-06 2.20653e-06
3.30980e-06 1.98588e-06 1.54457e-06 2.20653e-06 1.98588e-06 1.10327e-06 1.54457e-06 1.10327e-06 2.20653e-06 1.54457e-06
1.76523e-06 6.61959e-07 4.41306e-07 8.82613e-07 1.32392e-06 1.10327e-06 8.82613e-07 4.41306e-07 8.82613e-07 1.98588e-06
8.82613e-07 1.10327e-06 4.41306e-07 1.10327e-06 6.61959e-07 6.61959e-07 8.82613e-07 1.76523e-06 8.82613e-07 1.10327e-06
1.98588e-06 1.10327e-06 1.10327e-06 6.61959e-07 1.32392e-06 1.32392e-06 6.61959e-07 1.10327e-06 1.10327e-06 1.98588e-06
1.98588e-06 1.10327e-06 2.20653e-07 1.10327e-06 1.54457e-06 8.82613e-07 1.32392e-06 1.76523e-06 1.10327e-06 2.42718e-06
2.64784e-06 4.41306e-07 2.20653e-06 2.20653e-06 1.32392e-06 1.32392e-06 1.98588e-06 1.54457e-06 1.32392e-06 1.98588e-06
2.42718e-06 8.82613e-07 1.76523e-06 1.76523e-06 1.32392e-06 1.10327e-06 1.10327e-06 1.54457e-06 2.20653e-07 1.32392e-06
3.08914e-06 1.54457e-06 1.76523e-06 2.64784e-06 2.20653e-06 1.54457e-06 1.10327e-06 1.76523e-06 2.20653e-06 2.42718e-06
1.98588e-06 3.08914e-06 2.42718e-06 1.76523e-06 1.76523e-06 1.54457e-06 1.32392e-06 2.20653e-06 2.86849e-06 1.98588e-06
2.64784e-06 6.61959e-07 1.10327e-06 1.54457e-06 8.82613e-07 1.10327e-06 1.10327e-06 1.76523e-06 1.32392e-06 8.82613e-07
3.30980e-06 1.32392e-06 2.42718e-06 1.10327e-06 1.10327e-06 1.32392e-06 6.61959e-07 1.10327e-06 1.76523e-06 2.42718e-06
2.42718e-06 1.10327e-06 8.82613e-07 1.10327e-06 1.76523e-06 1.10327e-06 1.54457e-06 1.98588e-06 8.82613e-07 2.86849e-06
1.54457e-06 1.76523e-06 6.61959e-07 8.82613e-07 1.10327e-06 1.32392e-06 1.98588e-06 1.32392e-06 1.76523e-06 2.42718e-06
3.30980e-06 1.76523e-06 1.10327e-06 1.10327e-06 6.61959e-07 4.41306e-07 4.41306e-07 1.98588e-06 1.76523e-06 1.10327e-06
1.76523e-06 1.54457e-06 4.41306e-07 6.61959e-07 4.41306e-07 1.10327e-06 1.10327e-06 6.61959e-07 1.54457e-06 1.76523e-06
3.08914e-06 1.76523e-06 3.08914e-06 2.20653e-06 1.54457e-06 1.98588e-06 1.98588e-06 2.20653e-06 3.08914e-06 4.63372e-06
1.32392e-06 8.82613e-07 1.10327e-06 2.42718e-06 6.61959e-07 1.76523e-06 6.61959e-07 1.32392e-06 1.10327e-06 8.82613e-07
1.32392e-06 6.61959e-07 1.76523e-06 1.54457e-06 2.20653e-07 1.32392e-06 2.64784e-06 1.54457e-06 8.82613e-07 1.76523e-06
1.76523e-06 2.20653e-06 2.20653e-06 1.10327e-06 1.32392e-06 2.20653e-06 1.98588e-06 1.76523e-06 1.10327e-06 1.98588e-06
2.42718e-06 2.42718e-06 2.86849e-06 8.82613e-07 2.20653e-06 1.98588e-06 1.76523e-06 2.42718e-06 1.32392e-06 2.64784e-06
3.53045e-06 2.86849e-06 2.42718e-06 1.76523e-06 2.64784e-06 3.08914e-06 2.42718e-06 3.30980e-06 2.86849e-06 4.41306e-06
