1.05683e-06 7.04553e-07 1.05683e-06 3.52276e-07 0.00000e+00 3.52276e-07 3.52276e-07 0.00000e+00 3.52276e-07 0.00000e+00 1.05683e-06 1.40911e-06 2.11366e-06 2.11366e-06 1.05683e-06 7.04553e-07 7.04553e-07 7.04553e-07 0.00000e+00 7.04553e-07 7.04553e-07 3.52276e-07 3.52276e-07 1.76138e-06 3.52276e-07 1.05683e-06 3.52276e-07 1.40911e-06 1.40911e-06 7.04553e-07
7.04553e-07 1.05683e-06 3.52276e-07 7.04553e-07 0.00000e+00 7.04553e-07 3.52276e-07 3.52276e-07 3.52276e-07 7.04553e-07 1.05683e-06 3.52276e-07 1.40911e-06 7.04553e-07 7.04553e-07 0.00000e+00 0.00000e+00 3.52276e-07 3.52276e-07 3.52276e-07 3.52276e-07 7.04553e-07 7.04553e-07 3.52276e-07 3.52276e-07 1.05683e-06 7.04553e-07 1.05683e-06 1.05683e-06 7.04553e-07
0.00000e+00 1.05683e-06 0.00000e+00 3.52276e-07 0.00000e+00 3.52276e-07 3.52276e-07 0.00000e+00 0.00000e+00 3.52276e-07 0.00000e+00 0.00000e+00 0.00000e+00 0.00000e+00 3.52276e-07 3.52276e-07 0.00000e+00 3.52276e-07 3.52276e-07 0.00000e+00 0.00000e+00 3.52276e-07 0.00000e+00 3.52276e-07 0.00000e+00 3.52276e-07 3.52276e-07 7.04553e-07 7.04553e-07 1.05683e-06
7.04553e-07 7.04553e-07 1.40911e-06 3.52276e-07 0.00000e+00 0.00000e+00 0.00000e+00 0.00000e+00 0.00000e+00 3.52276e-07 0.00000e+00 0.00000e+00 3.52276e-07 1.05683e-06 7.04553e-07 7.04553e-07 3.52276e-07 0.00000e+00 0.00000e+00 0.00000e+00 0.00000e+00 7.04553e-07 0.00000e+00 0.00000e+00 0.00000e+00 0.00000e+00 0.00000e+00 3.52276e-07 1.05683e-06 7.04553e-07
1.05683e-06 0.00000e+00 3.52276e-07 0.00000e+00 0.00000e+00 3.52276e-07 0.00000e+00 0.00000e+00 0.00000e+00 3.52276e-07 3.52276e-07 0.00000e+00 0.00000e+00 1.05683e-06 3.52276e-07 7.04553e-07 0.00000e+00 3.52276e-07 0.00000e+00 0.00000e+00 0.00000e+00 0.00000e+00 3.52276e-07 0.00000e+00 7.04553e-07 3.52276e-07 3.52276e-07 3.52276e-07 7.04553e-07 0.00000e+00
1.76138e-06 3.52276e-07 0.00000e+00 0.00000e+00 0.00000e+00 0.00000e+00 0.00000e+00 3.52276e-07 7.04553e-07 1.05683e-06 0.00000e+00 0.00000e+00 0.00000e+00 7.04553e-07 0.00000e+00 7.04553e-07 0.00000e+00 0.00000e+00 0.00000e+00 3.52276e-07 0.00000e+00 0.00000e+00 1.05683e-06 0.00000e+00 7.04553e-07 3.52276e-07 7.04553e-07 7.04553e-07 1.05683e-06 7.04553e-07
3.52276e-07 3.52276e-07 0.00000e+00 0.00000e+00 0.00000e+00 0.00000e+00 0.00000e+00 0.00000e+00 0.00000e+00 0.00000e+00 0.00000e+00 0.00000e+00 0.00000e+00 3.52276e-07 3.52276e-07 0.00000e+00 1.05683e-06 0.00000e+00 3.52276e-07 0.00000e+00 0.00000e+00 7.04553e-07 1.40911e-06 7.04553e-07 1.05683e-06 7.04553e-07 3.52276e-07 3.52276e-07 1.05683e-06 7.04553e-07
3.52276e-07 0.00000e+00 0.00000e+00 0.00000e+00 0.00000e+00 0.00000e+00 0.00000e+00 0.00000e+00 0.00000e+00 0.00000e+00 3.52276e-07 0.00000e+00 0.00000e+00 1.05683e-06 3.52276e-07 3.52276e-07 7.04553e-07 3.52276e-07 0.00000e+00 3.52276e-07 0.00000e+00 3.52276e-07 7.04553e-07 7.04553e-07 1.40911e-06 0.00000e+00 0.00000e+00 0.00000e+00 3.52276e-07 3.52276e-07
3.52276e-07 0.00000e+00 3.52276e-07 3.52276e-07 0.00000e+00 3.52276e-07 3.52276e-07 0.00000e+00 3.52276e-07 7.04553e-07 7.04553e-07 3.52276e-07 3.52276e-07 3.52276e-07 3.52276e-07 7.04553e-07 1.05683e-06 1.76138e-06 3.52276e-07 0.00000e+00 3.52276e-07 1.05683e-06 3.52276e-07 1.05683e-06 1.05683e-06 0.00000e+00 0.00000e+00 0.00000e+00 3.52276e-07 7.04553e-07
1.40911e-06 7.04553e-07 0.00000e+00 0.00000e+00 0.00000e+00 7.04553e-07 3.52276e-07 0.00000e+00 3.52276e-07 0.00000e+00 3.52276e-07 3.52276e-07 7.04553e-07 3.52276e-07 0.00000e+00 1.05683e-06 1.76138e-06 7.04553e-07 0.00000e+00 3.52276e-07 1.05683e-06 1.40911e-06 3.52276e-07 3.52276e-07 1.05683e-06 3.52276e-07 1.40911e-06 7.04553e-07 1.40911e-06 2.46593e-06
7.04553e-07 0.00000e+00 0.00000e+00 0.00000e+00 0.00000e+00 0.00000e+00 0.00000e+00 0.00000e+00 3.52276e-07 3.52276e-07 0.00000e+00 0.00000e+00 0.00000e+00 0.00000e+00 3.52276e-07 7.04553e-07 0.00000e+00 3.52276e-07 0.00000e+00 3.52276e-07 0.00000e+00 0.00000e+00 3.52276e-07 3.52276e-07 3.52276e-07 3.52276e-07 0.00000e+00 0.00000e+00 7.04553e-07 1.05683e-06
3.52276e-07 0.00000e+00 0.00000e+00 0.00000e+00 3.52276e-07 0.00000e+00 3.52276e-07 0.00000e+00 3.52276e-07 0.00000e+00 0.00000e+00 0.00000e+00 0.00000e+00 0.00000e+00 0.00000e+00 3.52276e-07 0.00000e+00 3.52276e-07 7.04553e-07 3.52276e-07 7.04553e-07 3.52276e-07 7.04553e-07 7.04553e-07 7.04553e-07 3.52276e-07 7.04553e-07 7.04553e-07 1.05683e-06 7.04553e-07
1.05683e-06 0.00000e+00 0.00000e+00 0.00000e+00 0.00000e+00 0.00000e+00 3.52276e-07 0.00000e+00 0.00000e+00 7.04553e-07 3.52276e-07 3.52276e-07 3.52276e-07 3.52276e-07 7.04553e-07 3.52276e-07 3.52276e-07 3.52276e-07 7.04553e-07 3.52276e-07 0.00000e+00 3.52276e-07 3.52276e-07 0.00000e+00 7.04553e-07 3.52276e-07 3.52276e-07 1.40911e-06 7.04553e-07 3.52276e-07
0.00000e+00 0.00000e+00 0.00000e+00 3.52276e-07 7.04553e-07 0.00000e+00 0.00000e+00 0.00000e+00 0.00000e+00 3.52276e-07 3.52276e-07 3.52276e-07 3.52276e-07 7.04553e-07 3.52276e-07 7.04553e-07 0.00000e+00 3.52276e-07 3.52276e-07 0.00000e+00 0.00000e+00 0.00000e+00 0.00000e+00 3.52276e-07 0.00000e+00 0.00000e+00 7.04553e-07 3.52276e-07 3.52276e-07 7.04553e-07
7.04553e-07 3.52276e-07 1.05683e-06 3.52276e-07 3.52276e-07 3.52276e-07 0.00000e+00 3.52276e-07 0.00000e+00 3.52276e-07 0.00000e+00 0.00000e+00 3.52276e-07 3.52276e-07 3.52276e-07 3.52276e-07 3.52276e-07 3.52276e-07 0.00000e+00 0.00000e+00 0.00000e+00 3.52276e-07 0.00000e+00 3.52276e-07 3.52276e-07 3.52276e-07 1.05683e-06 0.00000e+00 0.00000e+00 0.00000e+00
0.00000e+00 0.00000e+00 3.52276e-07 0.00000e+00 7.04553e-07 0.00000e+00 0.00000e+00 0.00000e+00 0.00000e+00 3.52276e-07 3.52276e-07 0.00000e+00 3.52276e-07 0.00000e+00 0.00000e+00 0.00000e+00 0.00000e+00 3.52276e-07 7.04553e-07 3.52276e-07 3.52276e-07 0.00000e+00 0.00000e+00 0.00000e+00 3.52276e-07 0.00000e+00 0.00000e+00 3.52276e-07 0.00000e+00 3.52276e-07
1.76138e-06 3.52276e-07 0.00000e+00 0.00000e+00 3.52276e-07 3.52276e-07 0.00000e+00 3.52276e-07 3.52276e-07 0.00000e+00 7.04553e-07 7.04553e-07 0.00000e+00 0.00000e+00 7.04553e-07 0.00000e+00 3.52276e-07 3.52276e-07 7.04553e-07 1.40911e-06 7.04553e-07 3.52276e-07 7.04553e-07 3.52276e-07 7.04553e-07 3.52276e-07 1.05683e-06 0.00000e+00 1.76138e-06 2.11366e-06
7.04553e-07 7.04553e-07 3.52276e-07 0.00000e+00 3.52276e-07 0.00000e+00 3.52276e-07 3.52276e-07 0.00000e+00 0.00000e+00 3.52276e-07 3.52276e-07 0.00000e+00 3.52276e-07 3.52276e-07 0.00000e+00 7.04553e-07 7.04553e-07 3.52276e-07 0.00000e+00 7.04553e-07 3.52276e-07 0.00000e+00 0.00000e+00 0.00000e+00 3.52276e-07 3.52276e-07 7.04553e-07 1.05683e-06 1.76138e-06
7.04553e-07 7.04553e-07 0.00000e+00 0.00000e+00 0.00000e+00 3.52276e-07 3.52276e-07 1.05683e-06 0.00000e+00 0.00000e+00 3.52276e-07 0.00000e+00 0.00000e+00 0.00000e+00 0.00000e+00 3.52276e-07 3.52276e-07 7.04553e-07 3.52276e-07 0.00000e+00 0.00000e+00 3.52276e-07 0.00000e+00 3.52276e-07 3.52276e-07 7.04553e-07 1.05683e-06 3.52276e-07 0.00000e+00 7.04553e-07
7.04553e-07 3.52276e-07 0.00000e+00 0.00000e+00 0.00000e+00 3.52276e-07 3.52276e-07 0.00000e+00 7.04553e-07 0.00000e+00 3.52276e-07 3.52276e-07 0.00000e+00 0.00000e+00 0.00000e+00 0.00000e+00 3.52276e-07 0.00000e+00 0.00000e+00 0.00000e+00 0.00000e+00 0.00000e+00 0.00000e+00 3.52276e-07 0.00000e+00 7.04553e-07 1.05683e-06 0.00000e+00 3.52276e-07 7.04553e-07
1.05683e-06 3.52276e-07 3.52276e-07 3.52276e-07 1.05683e-06 0.00000e+00 0.00000e+00 3.52276e-07 7.04553e-07 7.04553e-07 0.00000e+00 0.00000e+00 3.52276e-07 3.52276e-07 0.00000e+00 7.04553e-07 7.04553e-07 3.52276e-07 0.00000e+00 0.00000e+00 0.00000e+00 3.52276e-07 3.52276e-07 3.52276e-07 3.52276e-07 7.04553e-07 7.04553e-07 3.52276e-07 1.05683e-06 1.05683e-06
7.04553e-07 3.52276e-07 1.05683e-06 7.04553e-07 1.05683e-06 0.00000e+00 0.00000e+00 3.52276e-07 0.00000e+00 3.52276e-07 0.00000e+00 3.52276e-07 3.52276e-07 0.00000e+00 0.00000e+00 1.05683e-06 3.52276e-07 3.52276e-07 0.00000e+00 7.04553e-07 3.52276e-07 3.52276e-07 3.52276e-07 0.00000e+00 0.00000e+00 0.00000e+00 0.00000e+00 0.00000e+00 0.00000e+00 7.04553e-07
7.04553e-07 3.52276e-07 3.52276e-07 0.00000e+00 0.00000e+00 0.00000e+00 3.52276e-07 3.52276e-07 0.00000e+00 0.00000e+00 0.00000e+00 0.00000e+00 3.52276e-07 3.52276e-07 7.04553e-07 7.04553e-07 3.52276e-07 3.52276e-07 0.00000e+00 0.00000e+00 0.00000e+00 0.00000e+00 0.00000e+00 7.04553e-07 3.52276e-07 0.00000e+00 3.52276e-07 0.00000e+00 3.52276e-07 3.52276e-07
1.40911e-06 3.52276e-07 3.52276e-07 0.00000e+00 0.00000e+00 0.00000e+00 0.00000e+00 3.52276e-07 0.00000e+00 0.00000e+00 0.00000e+00 0.00000e+00 0.00000e+00 0.00000e+00 0.00000e+00 3.52276e-07 0.00000e+00 7.04553e-07 0.00000e+00 0.00000e+00 0.00000e+00 0.00000e+00 0.00000e+00 0.00000e+00 0.00000e+00 3.52276e-07 3.52276e-07 0.00000e+00 3.52276e-07 3.52276e-07
1.40911e-06 1.76138e-06 7.04553e-07 3.52276e-07 0.00000e+00 0.00000e+00 3.52276e-07 1.05683e-06 7.04553e-07 1.05683e-06 0.00000e+00 3.52276e-07 3.52276e-07 3.52276e-07 1.05683e-06 7.04553e-07 1.05683e-06 1.05683e-06 0.00000e+00 0.00000e+00 3.52276e-07 3.52276e-07 0.00000e+00 3.52276e-07 3.52276e-07 0.00000e+00 1.05683e-06 3.52276e-07 7.04553e-07 3.52276e-07
7.04553e-07 1.40911e-06 1.05683e-06 3.52276e-07 7.04553e-07 0.00000e+00 0.00000e+00 3.52276e-07 1.40911e-06 7.04553e-07 0.00000e+00 0.00000e+00 3.52276e-07 7.04553e-07 1.05683e-06 7.04553e-07 3.52276e-07 3.52276e-07 0.00000e+00 3.52276e-07 7.04553e-07 0.00000e+00 3.52276e-07 0.00000e+00 7.04553e-07 7.04553e-07 3.52276e-07 7.04553e-07 3.52276e-07 7.04553e-07
3.52276e-07 0.00000e+00 0.00000e+00 0.00000e+00 0.00000e+00 0.00000e+00 7.04553e-07 7.04553e-07 3.52276e-07 0.00000e+00 0.00000e+00 3.52276e-07 0.00000e+00 3.52276e-07 3.52276e-07 0.00000e+00 0.00000e+00 0.00000e+00 0.00000e+00 0.00000e+00 0.00000e+00 0.00000e+00 0.00000e+00 0.00000e+00 7.04553e-07 7.04553e-07 3.52276e-07 0.00000e+00 3.52276e-07 7.04553e-07
7.04553e-07 0.00000e+00 0.00000e+00 0.00000e+00 3.52276e-07 3.52276e-07 0.00000e+00 3.52276e-07 0.00000e+00 7.04553e-07 0.00000e+00 0.00000e+00 0.00000e+00 0.00000e+00 0.00000e+00 3.52276e-07 3.52276e-07 0.00000e+00 0.00000e+00 0.00000e+00 0.00000e+00 0.00000e+00 0.00000e+00 3.52276e-07 7.04553e-07 1.05683e-06 7.04553e-07 3.52276e-07 3.52276e-07 7.04553e-07
3.52276e-07 0.00000e+00 0.00000e+00 0.00000e+00 0.00000e+00 0.00000e+00 0.00000e+00 0.00000e+00 0.00000e+00 3.52276e-07 0.00000e+00 0.00000e+00 0.00000e+00 0.00000e+00 0.00000e+00 0.00000e+00 3.52276e-07 0.00000e+00 0.00000e+00 3.52276e-07 0.00000e+00 3.52276e-07 3.52276e-07 7.04553e-07 3.52276e-07 3.52276e-07 0.00000e+00 0.00000e+00 0.00000e+00 3.52276e-07
7.04553e-07 3.52276e-07 0.00000e+00 0.00000e+00 3.52276e-07 0.00000e+00 3.52276e-07 0.00000e+00 0.00000e+00 0.00000e+00 0.00000e+00 3.52276e-07 0.00000e+00 0.00000e+00 0.00000e+00 3.52276e-07 0.00000e+00 0.00000e+00 3.52276e-07 0.00000e+00 3.52276e-07 3.52276e-07 3.52276e-07 3.52276e-07 3.52276e-07 0.00000e+00 0.00000e+00 3.52276e-07 0.00000e+00 3.52276e-07
1.40911e-06 3.52276e-07 0.00000e+00 7.04553e-07 0.00000e+00 0.00000e+00 0.00000e+00 0.00000e+00 0.00000e+00 3.52276e-07 3.52276e-07 3.52276e-07 3.52276e-07 0.00000e+00 3.52276e-07 0.00000e+00 0.00000e+00 0.00000e+00 0.00000e+00 0.00000e+00 0.00000e+00 0.00000e+00 0.00000e+00 3.52276e-07 1.05683e-06 7.04553e-07 0.00000e+00 3.52276e-07 1.05683e-06 0.00000e+00
7.04553e-07 0.00000e+00 0.00000e+00 0.00000e+00 3.52276e-07 3.52276e-07 0.00000e+00 0.00000e+00 0.00000e+00 3.52276e-07 0.00000e+00 3.52276e-07 3.52276e-07 0.00000e+00 3.52276e-07 0.00000e+00 3.52276e-07 0.00000e+00 3.52276e-07 0.00000e+00 3.52276e-07 3.52276e-07 3.52276e-07 3.52276e-07 7.04553e-07 7.04553e-07 3.52276e-07 0.00000e+00 7.04553e-07 3.52276e-07
7.04553e-07 3.52276e-07 7.04553e-07 3.52276e-07 0.00000e+00 7.04553e-07 7.04553e-07 3.52276e-07 3.52276e-07 7.04553e-07 0.00000e+00 3.52276e-07 3.52276e-07 0.00000e+00 3.52276e-07 7.04553e-07 3.52276e-07 0.00000e+00 7.04553e-07 0.00000e+00 0.00000e+00 1.05683e-06 0.00000e+00 3.52276e-07 3.52276e-07 3.52276e-07 3.52276e-07 0.00000e+00 0.00000e+00 1.05683e-06
3.52276e-07 3.52276e-07 0.00000e+00 0.00000e+00 7.04553e-07 7.04553e-07 0.00000e+00 3.52276e-07 0.00000e+00 7.04553e-07 1.05683e-06 7.04553e-07 3.52276e-07 3.52276e-07 3.52276e-07 7.04553e-07 3.52276e-07 0.00000e+00 0.00000e+00 3.52276e-07 0.00000e+00 3.52276e-07 3.52276e-07 3.52276e-07 3.52276e-07 7.04553e-07 3.52276e-07 1.05683e-06 3.52276e-07 1.76138e-06
3.52276e-07 0.00000e+00 3.52276e-07 7.04553e-07 3.52276e-07 7.04553e-07 0.00000e+00 0.00000e+00 0.00000e+00 0.00000e+00 3.52276e-07 0.00000e+00 0.00000e+00 3.52276e-07 3.52276e-07 7.04553e-07 0.00000e+00 3.52276e-07 3.52276e-07 3.52276e-07 3.52276e-07 0.00000e+00 0.00000e+00 0.00000e+00 3.52276e-07 3.52276e-07 0.00000e+00 0.00000e+00 7.04553e-07 7.04553e-07
3.52276e-07 3.52276e-07 7.04553e-07 3.52276e-07 0.00000e+00 3.52276e-07 0.00000e+00 0.00000e+00 0.00000e+00 0.00000e+00 0.00000e+00 0.00000e+00 7.04553e-07 0.00000e+00 0.00000e+00 0.00000e+00 0.00000e+00 0.00000e+00 0.00000e+00 3.52276e-07 0.00000e+00 0.00000e+00 3.52276e-07 0.00000e+00 3.52276e-07 0.00000e+00 0.00000e+00 3.52276e-07 0.00000e+00 7.04553e-07
3.52276e-07 3.52276e-07 0.00000e+00 0.00000e+00 0.00000e+00 3.52276e-07 0.00000e+00 0.00000e+00 0.00000e+00 3.52276e-07 3.52276e-07 7.04553e-07 3.52276e-07 0.00000e+00 3.52276e-07 7.04553e-07 0.00000e+00 3.52276e-07 1.05683e-06 7.04553e-07 0.00000e+00 0.00000e+00 0.00000e+00 3.52276e-07 3.52276e-07 0.00000e+00 0.00000e+00 3.52276e-07 3.52276e-07 3.52276e-07
0.00000e+00 0.00000e+00 0.00000e+00 0.00000e+00 0.00000e+00 7.04553e-07 3.52276e-07 7.04553e-07 0.00000e+00 3.52276e-07 0.00000e+00 3.52276e-07 0.00000e+00 3.52276e-07 3.52276e-07 3.52276e-07 3.52276e-07 0.00000e+00 7.04553e-07 3.52276e-07 0.00000e+00 3.52276e-07 0.00000e+00 0.00000e+00 0.00000e+00 3.52276e-07 7.04553e-07 1.05683e-06 3.52276e-07 1.05683e-06
3.52276e-07 0.00000e+00 7.04553e-07 7.04553e-07 3.52276e-07 7.04553e-07 0.00000e+00 3.52276e-07 3.52276e-07 7.04553e-07 0.00000e+00 0.00000e+00 0.00000e+00 3.52276e-07 0.00000e+00 7.04553e-07 7.04553e-07 0.00000e+00 7.04553e-07 0.00000e+00 0.00000e+00 3.52276e-07 0.00000e+00 0.00000e+00 0.00000e+00 7.04553e-07 3.52276e-07 3.52276e-07 3.52276e-07 1.40911e-06
0.00000e+00 0.00000e+00 0.00000e+00 3.52276e-07 3.52276e-07 0.00000e+00 0.00000e+00 0.00000e+00 3.52276e-07 3.52276e-07 0.00000e+00 3.52276e-07 0.00000e+00 7.04553e-07 0.00000e+00 3.52276e-07 0.00000e+00 0.00000e+00 0.00000e+00 0.00000e+00 0.00000e+00 3.52276e-07 3.52276e-07 0.00000e+00 0.00000e+00 3.52276e-07 0.00000e+00 3.52276e-07 3.52276e-07 1.05683e-06
3.52276e-07 3.52276e-07 0.00000e+00 3.52276e-07 0.00000e+00 7.04553e-07 3.52276e-07 0.00000e+00 1.05683e-06 3.52276e-07 0.00000e+00 7.04553e-07 3.52276e-07 7.04553e-07 7.04553e-07 3.52276e-07 0.00000e+00 3.52276e-07 0.00000e+00 7.04553e-07 3.52276e-07 0.00000e+00 3.52276e-07 7.04553e-07 7.04553e-07 7.04553e-07 7.04553e-07 3.52276e-07 1.05683e-06 1.05683e-06
0.00000e+00 0.00000e+00 0.00000e+00 3.52276e-07 0.00000e+00 3.52276e-07 3.52276e-07 0.00000e+00 3.52276e-07 0.00000e+00 0.00000e+00 7.04553e-07 3.52276e-07 3.52276e-07 1.40911e-06 7.04553e-07 0.00000e+00 0.00000e+00 0.00000e+00 1.40911e-06 0.00000e+00 3.52276e-07 7.04553e-07 3.52276e-07 7.04553e-07 1.76138e-06 3.52276e-07 1.05683e-06 1.05683e-06 1.05683e-06
1.05683e-06 0.00000e+00 0.00000e+00 0.00000e+00 3.52276e-07 3.52276e-07 3.52276e-07 3.52276e-07 0.00000e+00 3.52276e-07 0.00000e+00 3.52276e-07 0.00000e+00 3.52276e-07 1.05683e-06 3.52276e-07 3.52276e-07 0.00000e+00 0.00000e+00 3.52276e-07 0.00000e+00 0.00000e+00 3.52276e-07 0.00000e+00 0.00000e+00 0.00000e+00 3.52276e-07 0.00000e+00 7.04553e-07 1.05683e-06
0.00000e+00 0.00000e+00 0.00000e+00 3.52276e-07 7.04553e-07 3.52276e-07 0.00000e+00 3.52276e-07 7.04553e-07 3.52276e-07 0.00000e+00 0.00000e+00 0.00000e+00 3.52276e-07 1.76138e-06 3.52276e-07 0.00000e+00 0.00000e+00 3.52276e-07 3.52276e-07 7.04553e-07 3.52276e-07 3.52276e-07 7.04553e-07 0.00000e+00 0.00000e+00 0.00000e+00 0.00000e+00 7.04553e-07 1.76138e-06
3.52276e-07 3.52276e-07 7.04553e-07 7.04553e-07 7.04553e-07 0.00000e+00 0.00000e+00 0.00000e+00 0.00000e+00 3.52276e-07 3.52276e-07 3.52276e-07 0.00000e+00 3.52276e-07 3.52276e-07 3.52276e-07 7.04553e-07 1.05683e-06 3.52276e-07 3.52276e-07 0.00000e+00 0.00000e+00 0.00000e+00 7.04553e-07 3.52276e-07 0.00000e+00 3.52276e-07 7.04553e-07 1.05683e-06 1.05683e-06
0.00000e+00 0.00000e+00 3.52276e-07 0.00000e+00 0.00000e+00 0.00000e+00 0.00000e+00 3.52276e-07 3.52276e-07 0.00000e+00 0.00000e+00 0.00000e+00 0.00000e+00 3.52276e-07 3.52276e-07 0.00000e+00 0.00000e+00 3.52276e-07 0.00000e+00 3.52276e-07 0.00000e+00 0.00000e+00 3.52276e-07 0.00000e+00 0.00000e+00 7.04553e-07 1.40911e-06 7.04553e-07 7.04553e-07 7.04553e-07
0.00000e+00 7.04553e-07 3.52276e-07 3.52276e-07 3.52276e-07 7.04553e-07 3.52276e-07 3.52276e-07 0.00000e+00 7.04553e-07 3.52276e-07 0.00000e+00 3.52276e-07 3.52276e-07 0.00000e+00 0.00000e+00 0.00000e+00 0.00000e+00 7.04553e-07 0.00000e+00 0.00000e+00 0.00000e+00 0.00000e+00 1.05683e-06 3.52276e-07 3.52276e-07 7.04553e-07 7.04553e-07 1.76138e-06 3.52276e-07
0.00000e+00 0.00000e+00 3.52276e-07 0.00000e+00 0.00000e+00 0.00000e+00 0.00000e+00 0.00000e+00 3.52276e-07 3.52276e-07 3.52276e-07 0.00000e+00 0.00000e+00 0.00000e+00 3.52276e-07 0.00000e+00 0.00000e+00 0.00000e+00 0.00000e+00 0.00000e+00 0.00000e+00 0.00000e+00 0.00000e+00 1.05683e-06 0.00000e+00 7.04553e-07 0.00000e+00 7.04553e-07 1.05683e-06 0.00000e+00
7.04553e-07 7.04553e-07 7.04553e-07 3.52276e-07 7.04553e-07 3.52276e-07 7.04553e-07 3.52276e-07 1.05683e-06 1.05683e-06 0.00000e+00 0.00000e+00 0.00000e+00 0.00000e+00 3.52276e-07 3.52276e-07 0.00000e+00 0.00000e+00 3.52276e-07 0.00000e+00 3.52276e-07 0.00000e+00 0.00000e+00 7.04553e-07 0.00000e+00 1.05683e-06 0.00000e+00 1.05683e-06 3.52276e-07 7.04553e-07
7.04553e-07 0.00000e+00 3.52276e-07 1.05683e-06 3.52276e-07 0.00000e+00 3.52276e-07 3.52276e-07 1.05683e-06 7.04553e-07 0.00000e+00 0.00000e+00 3.52276e-07 0.00000e+00 0.00000e+00 3.52276e-07 3.52276e-07 3.52276e-07 0.00000e+00 3.52276e-07 7.04553e-07 7.04553e-07 1.05683e-06 1.40911e-06 1.40911e-06 3.52276e-07 0.00000e+00 1.05683e-06 3.52276e-07 1.05683e-06
1.05683e-06 0.00000e+00 0.00000e+00 3.52276e-07 0.00000e+00 0.00000e+00 3.52276e-07 3.52276e-07 3.52276e-07 0.00000e+00 0.00000e+00 0.00000e+00 0.00000e+00 0.00000e+00 3.52276e-07 3.52276e-07 0.00000e+00 7.04553e-07 0.00000e+00 3.52276e-07 0.00000e+00 3.52276e-07 0.00000e+00 0.00000e+00 7.04553e-07 1.05683e-06 7.04553e-07 0.00000e+00 0.00000e+00 0.00000e+00
3.52276e-07 0.00000e+00 0.00000e+00 1.05683e-06 3.52276e-07 3.52276e-07 3.52276e-07 7.04553e-07 3.52276e-07 3.52276e-07 0.00000e+00 3.52276e-07 0.00000e+00 0.00000e+00 3.52276e-07 3.52276e-07 3.52276e-07 3.52276e-07 0.00000e+00 3.52276e-07 0.00000e+00 0.00000e+00 0.00000e+00 0.00000e+00 3.52276e-07 7.04553e-07 3.52276e-07 0.00000e+00 0.00000e+00 3.52276e-07
3.52276e-07 0.00000e+00 3.52276e-07 3.52276e-07 1.40911e-06 3.52276e-07 3.52276e-07 3.52276e-07 0.00000e+00 7.04553e-07 3.52276e-07 0.00000e+00 0.00000e+00 0.00000e+00 3.52276e-07 0.00000e+00 0.00000e+00 0.00000e+00 7.04553e-07 3.52276e-07 3.52276e-07 3.52276e-07 3.52276e-07 0.00000e+00 0.00000e+00 7.04553e-07 3.52276e-07 0.00000e+00 3.52276e-07 1.76138e-06
3.52276e-07 0.00000e+00 3.52276e-07 3.52276e-07 7.04553e-07 3.52276e-07 3.52276e-07 0.00000e+00 7.04553e-07 0.00000e+00 0.00000e+00 0.00000e+00 0.00000e+00 0.00000e+00 0.00000e+00 0.00000e+00 3.52276e-07 0.00000e+00 0.00000e+00 0.00000e+00 3.52276e-07 0.00000e+00 0.00000e+00 0.00000e+00 3.52276e-07 3.52276e-07 0.00000e+00 3.52276e-07 3.52276e-07 1.40911e-06
3.52276e-07 3.52276e-07 3.52276e-07 3.52276e-07 1.05683e-06 1.05683e-06 0.00000e+00 7.04553e-07 3.52276e-07 0.00000e+00 3.52276e-07 0.00000e+00 0.00000e+00 0.00000e+00 0.00000e+00 0.00000e+00 0.00000e+00 0.00000e+00 3.52276e-07 0.00000e+00 0.00000e+00 7.04553e-07 7.04553e-07 0.00000e+00 0.00000e+00 3.52276e-07 7.04553e-07 7.04553e-07 3.52276e-07 1.05683e-06
1.05683e-06 3.52276e-07 0.00000e+00 0.00000e+00 3.52276e-07 0.00000e+00 0.00000e+00 0.00000e+00 0.00000e+00 0.00000e+00 0.00000e+00 0.00000e+00 0.00000e+00 0.00000e+00 3.52276e-07 3.52276e-07 7.04553e-07 0.00000e+00 0.00000e+00 0.00000e+00 0.00000e+00 0.00000e+00 7.04553e-07 0.00000e+00 3.52276e-07 0.00000e+00 0.00000e+00 3.52276e-07 3.52276e-07 7.04553e-07
1.76138e-06 1.05683e-06 3.52276e-07 3.52276e-07 3.52276e-07 0.00000e+00 0.00000e+00 7.04553e-07 3.52276e-07 3.52276e-07 0.00000e+00 0.00000e+00 3.52276e-07 0.00000e+00 7.04553e-07 7.04553e-07 7.04553e-07 7.04553e-07 0.00000e+00 0.00000e+00 3.52276e-07 0.00000e+00 3.52276e-07 0.00000e+00 1.05683e-06 0.00000e+00 7.04553e-07 0.00000e+00 7.04553e-07 1.05683e-06
1.05683e-06 3.52276e-07 0.00000e+00 0.00000e+00 0.00000e+00 0.00000e+00 0.00000e+00 0.00000e+00 0.00000e+00 0.00000e+00 0.00000e+00 0.00000e+00 0.00000e+00 7.04553e-07 3.52276e-07 0.00000e+00 7.04553e-07 3.52276e-07 1.05683e-06 3.52276e-07 7.04553e-07 0.00000e+00 7.04553e-07 0.00000e+00 3.52276e-07 3.52276e-07 3.52276e-07 3.52276e-07 1.40911e-06 1.05683e-06
3.52276e-07 0.00000e+00 0.00000e+00 0.00000e+00 0.00000e+00 0.00000e+00 0.00000e+00 0.00000e+00 0.00000e+00 0.00000e+00 0.00000e+00 3.52276e-07 3.52276e-07 0.00000e+00 0.00000e+00 0.00000e+00 0.00000e+00 0.00000e+00 1.05683e-06 3.52276e-07 3.52276e-07 0.00000e+00 7.04553e-07 0.00000e+00 0.00000e+00 0.00000e+00 1.05683e-06 3.52276e-07 1.40911e-06 1.05683e-06
1.05683e-06 7.04553e-07 0.00000e+00 0.00000e+00 0.00000e+00 0.00000e+00 0.00000e+00 0.00000e+00 0.00000e+00 3.52276e-07 3.52276e-07 3.52276e-07 0.00000e+00 3.52276e-07 3.52276e-07 0.00000e+00 3.52276e-07 3.52276e-07 3.52276e-07 0.00000e+00 0.00000e+00 0.00000e+00 3.52276e-07 0.00000e+00 0.00000e+00 0.00000e+00 7.04553e-07 0.00000e+00 7.04553e-07 7.04553e-07
3.52276e-07 7.04553e-07 7.04553e-07 0.00000e+00 0.00000e+00 0.00000e+00 0.00000e+00 0.00000e+00 0.00000e+00 0.00000e+00 3.52276e-07 3.52276e-07 0.00000e+00 0.00000e+00 3.52276e-07 3.52276e-07 0.00000e+00 0.00000e+00 0.00000e+00 0.00000e+00 3.52276e-07 0.00000e+00 0.00000e+00 0.00000e+00 0.00000e+00 0.00000e+00 7.04553e-07 0.00000e+00 3.52276e-07 0.00000e+00
7.04553e-07 0.00000e+00 3.52276e-07 0.00000e+00 3.52276e-07 3.52276e-07 3.52276e-07 3.52276e-07 0.00000e+00 0.00000e+00 0.00000e+00 3.52276e-07 0.00000e+00 0.00000e+00 3.52276e-07 0.00000e+00 0.00000e+00 0.00000e+00 3.52276e-07 0.00000e+00 3.52276e-07 0.00000e+00 0.00000e+00 3.52276e-07 0.00000e+00 7.04553e-07 3.52276e-07 3.52276e-07 0.00000e+00 3.52276e-07
1.05683e-06 0.00000e+00 7.04553e-07 3.52276e-07 0.00000e+00 0.00000e+00 0.00000e+00 0.00000e+00 0.00000e+00 0.00000e+00 0.00000e+00 0.00000e+00 0.00000e+00 3.52276e-07 3.52276e-07 0.00000e+00 3.52276e-07 0.00000e+00 3.52276e-07 0.00000e+00 0.00000e+00 3.52276e-07 0.00000e+00 3.52276e-07 0.00000e+00 0.00000e+00 3.52276e-07 3.52276e-07 0.00000e+00 7.04553e-07
1.76138e-06 0.00000e+00 7.04553e-07 0.00000e+00 0.00000e+00 0.00000e+00 3.52276e-07 0.00000e+00 0.00000e+00 0.00000e+00 0.00000e+00 0.00000e+00 0.00000e+00 0.00000e+00 0.00000e+00 0.00000e+00 3.52276e-07 0.00000e+00 3.52276e-07 0.00000e+00 0.00000e+00 3.52276e-07 3.52276e-07 3.52276e-07 3.52276e-07 3.52276e-07 7.04553e-07 7.04553e-07 1.05683e-06 7.04553e-07
2.11366e-06 1.40911e-06 3.52276e-07 0.00000e+00 0.00000e+00 0.00000e+00 0.00000e+00 0.00000e+00 3.52276e-07 0.00000e+00 7.04553e-07 0.00000e+00 3.52276e-07 7.04553e-07 0.00000e+00 3.52276e-07 1.05683e-06 7.04553e-07 0.00000e+00 0.00000e+00 3.52276e-07 0.00000e+00 7.04553e-07 0.00000e+00 0.00000e+00 7.04553e-07 0.00000e+00 3.52276e-07 7.04553e-07 2.11366e-06
1.76138e-06 0.00000e+00 3.52276e-07 0.00000e+00 0.00000e+00 3.52276e-07 3.52276e-07 0.00000e+00 0.00000e+00 0.00000e+00 3.52276e-07 3.52276e-07 0.00000e+00 0.00000e+00 3.52276e-07 0.00000e+00 0.00000e+00 0.00000e+00 0.00000e+00 7.04553e-07 3.52276e-07 0.00000e+00 3.52276e-07 3.52276e-07 0.00000e+00 3.52276e-07 3.52276e-07 3.52276e-07 3.52276e-07 7.04553e-07
3.52276e-07 7.04553e-07 0.00000e+00 0.00000e+00 0.00000e+00 7.04553e-07 1.05683e-06 3.52276e-07 0.00000e+00 0.00000e+00 0.00000e+00 3.52276e-07 0.00000e+00 3.52276e-07 3.52276e-07 0.00000e+00 0.00000e+00 0.00000e+00 0.00000e+00 7.04553e-07 1.05683e-06 3.52276e-07 0.00000e+00 0.00000e+00 3.52276e-07 3.52276e-07 3.52276e-07 3.52276e-07 7.04553e-07 1.05683e-06
1.40911e-06 0.00000e+00 3.52276e-07 0.00000e+00 3.52276e-07 7.04553e-07 3.52276e-07 0.00000e+00 0.00000e+00 0.00000e+00 0.00000e+00 7.04553e-07 3.52276e-07 7.04553e-07 0.00000e+00 0.00000e+00 0.00000e+00 0.00000e+00 0.00000e+00 3.52276e-07 3.52276e-07 0.00000e+00 0.00000e+00 3.52276e-07 3.52276e-07 0.00000e+00 0.00000e+00 3.52276e-07 3.52276e-07 7.04553e-07
7.04553e-07 3.52276e-07 7.04553e-07 0.00000e+00 3.52276e-07 0.00000e+00 0.00000e+00 0.00000e+00 7.04553e-07 0.00000e+00 3.52276e-07 0.00000e+00 0.00000e+00 0.00000e+00 0.00000e+00 0.00000e+00 0.00000e+00 3.52276e-07 3.52276e-07 7.04553e-07 3.52276e-07 3.52276e-07 0.00000e+00 3.52276e-07 0.00000e+00 0.00000e+00 7.04553e-07 1.05683e-06 0.00000e+00 0.00000e+00
1.40911e-06 3.52276e-07 3.52276e-07 7.04553e-07 7.04553e-07 0.00000e+00 3.52276e-07 7.04553e-07 3.52276e-07 3.52276e-07 0.00000e+00 0.00000e+00 3.52276e-07 3.52276e-07 0.00000e+00 0.00000e+00 0.00000e+00 0.00000e+00 3.52276e-07 7.04553e-07 0.00000e+00 0.00000e+00 0.00000e+00 0.00000e+00 3.52276e-07 1.40911e-06 3.52276e-07 7.04553e-07 3.52276e-07 3.52276e-07
1.76138e-06 1.05683e-06 1.05683e-06 3.52276e-07 1.40911e-06 3.52276e-07 3.52276e-07 3.52276e-07 7.04553e-07 0.00000e+00 0.00000e+00 0.00000e+00 3.52276e-07 3.52276e-07 0.00000e+00 0.00000e+00 7.04553e-07 1.05683e-06 3.52276e-07 7.04553e-07 3.52276e-07 0.00000e+00 0.00000e+00 1.05683e-06 3.52276e-07 3.52276e-07 3.52276e-07 0.00000e+00 3.52276e-07 3.52276e-07
1.05683e-06 3.52276e-07 3.52276e-07 3.52276e-07 0.00000e+00 7.04553e-07 3.52276e-07 3.52276e-07 7.04553e-07 0.00000e+00 0.00000e+00 3.52276e-07 0.00000e+00 0.00000e+00 3.52276e-07 0.00000e+00 0.00000e+00 3.52276e-07 3.52276e-07 3.52276e-07 0.00000e+00 3.52276e-07 0.00000e+00 0.00000e+00 3.52276e-07 7.04553e-07 3.52276e-07 3.52276e-07 7.04553e-07 0.00000e+00
1.05683e-06 3.52276e-07 7.04553e-07 0.00000e+00 3.52276e-07 7.04553e-07 3.52276e-07 3.52276e-07 3.52276e-07 3.52276e-07 7.04553e-07 0.00000e+00 0.00000e+00 0.00000e+00 7.04553e-07 3.52276e-07 7.04553e-07 0.00000e+00 3.52276e-07 3.52276e-07 7.04553e-07 3.52276e-07 3.52276e-07 7.04553e-07 0.00000e+00 0.00000e+00 1.76138e-06 7.04553e-07 7.04553e-07 3.52276e-07
3.52276e-07 3.52276e-07 0.00000e+00 0.00000e+00 3.52276e-07 3.52276e-07 0.00000e+00 0.00000e+00 0.00000e+00 3.52276e-07 0.00000e+00 0.00000e+00 3.52276e-07 3.52276e-07 1.05683e-06 3.52276e-07 0.00000e+00 7.04553e-07 0.00000e+00 0.00000e+00 7.04553e-07 7.04553e-07 0.00000e+00 3.52276e-07 3.52276e-07 3.52276e-07 7.04553e-07 0.00000e+00 1.40911e-06 1.40911e-06
3.52276e-07 0.00000e+00 0.00000e+00 0.00000e+00 0.00000e+00 0.00000e+00 0.00000e+00 0.00000e+00 3.52276e-07 7.04553e-07 3.52276e-07 7.04553e-07 3.52276e-07 3.52276e-07 0.00000e+00 3.52276e-07 3.52276e-07 3.52276e-07 0.00000e+00 0.00000e+00 7.04553e-07 3.52276e-07 3.52276e-07 3.52276e-07 3.52276e-07 3.52276e-07 3.52276e-07 0.00000e+00 1.40911e-06 7.04553e-07
3.52276e-07 0.00000e+00 7.04553e-07 0.00000e+00 0.00000e+00 0.00000e+00 0.00000e+00 0.00000e+00 0.00000e+00 7.04553e-07 7.04553e-07 0.00000e+00 1.05683e-06 3.52276e-07 3.52276e-07 3.52276e-07 3.52276e-07 7.04553e-07 0.00000e+00 3.52276e-07 3.52276e-07 0.00000e+00 0.00000e+00 0.00000e+00 3.52276e-07 3.52276e-07 0.00000e+00 0.00000e+00 1.05683e-06 1.05683e-06
0.00000e+00 7.04553e-07 3.52276e-07 0.00000e+00 3.52276e-07 0.00000e+00 0.00000e+00 0.00000e+00 3.52276e-07 3.52276e-07 3.52276e-07 3.52276e-07 3.52276e-07 3.52276e-07 0.00000e+00 0.00000e+00 0.00000e+00 0.00000e+00 7.04553e-07 3.52276e-07 3.52276e-07 3.52276e-07 0.00000e+00 0.00000e+00 1.05683e-06 7.04553e-07 1.05683e-06 3.52276e-07 3.52276e-07 3.52276e-07
0.00000e+00 0.00000e+00 0.00000e+00 3.52276e-07 0.00000e+00 3.52276e-07 0.00000e+00 7.04553e-07 0.00000e+00 3.52276e-07 1.05683e-06 0.00000e+00 0.00000e+00 3.52276e-07 0.00000e+00 0.00000e+00 3.52276e-07 0.00000e+00 3.52276e-07 0.00000e+00 0.00000e+00 3.52276e-07 7.04553e-07 7.04553e-07 3.52276e-07 7.04553e-07 7.04553e-07 0.00000e+00 3.52276e-07 1.05683e-06
3.52276e-07 0.00000e+00 3.52276e-07 3.52276e-07 7.04553e-07 1.05683e-06 7.04553e-07 7.04553e-07 0.00000e+00 0.00000e+00 3.52276e-07 3.52276e-07 3.52276e-07 0.00000e+00 3.52276e-07 0.00000e+00 0.00000e+00 0.00000e+00 0.00000e+00 0.00000e+00 0.00000e+00 7.04553e-07 3.52276e-07 1.05683e-06 3.52276e-07 7.04553e-07 1.40911e-06 3.52276e-07 3.52276e-07 1.76138e-06
3.52276e-07 7.04553e-07 7.04553e-07 3.52276e-07 0.00000e+00 3.52276e-07 3.52276e-07 3.52276e-07 0.00000e+00 3.52276e-07 7.04553e-07 3.52276e-07 7.04553e-07 0.00000e+00 3.52276e-07 0.00000e+00 0.00000e+00 0.00000e+00 3.52276e-07 3.52276e-07 0.00000e+00 3.52276e-07 3.52276e-07 0.00000e+00 0.00000e+00 7.04553e-07 3.52276e-07 0.00000e+00 3.52276e-07 3.52276e-07
1.05683e-06 7.04553e-07 1.40911e-06 7.04553e-07 3.52276e-07 7.04553e-07 0.00000e+00 0.00000e+00 1.05683e-06 3.52276e-07 3.52276e-07 7.04553e-07 3.52276e-07 0.00000e+00 3.52276e-07 0.00000e+00 3.52276e-07 7.04553e-07 1.40911e-06 7.04553e-07 1.05683e-06 1.05683e-06 1.05683e-06 0.00000e+00 3.52276e-07 1.05683e-06 7.04553e-07 0.00000e+00 1.05683e-06 3.52276e-07
1.05683e-06 3.52276e-07 1.40911e-06 1.05683e-06 1.76138e-06 1.40911e-06 0.00000e+00 3.52276e-07 7.04553e-07 7.04553e-07 3.52276e-07 3.52276e-07 0.00000e+00 7.04553e-07 7.04553e-07 7.04553e-07 3.52276e-07 3.52276e-07 0.00000e+00 0.00000e+00 3.52276e-07 3.52276e-07 0.00000e+00 0.00000e+00 3.52276e-07 1.05683e-06 1.05683e-06 1.40911e-06 1.40911e-06 7.04553e-07
0.00000e+00 0.00000e+00 0.00000e+00 7.04553e-07 3.52276e-07 0.00000e+00 0.00000e+00 3.52276e-07 0.00000e+00 0.00000e+00 0.00000e+00 7.04553e-07 3.52276e-07 3.52276e-07 3.52276e-07 7.04553e-07 0.00000e+00 0.00000e+00 3.52276e-07 0.00000e+00 7.04553e-07 7.04553e-07 3.52276e-07 3.52276e-07 3.52276e-07 0.00000e+00 7.04553e-07 3.52276e-07 0.00000e+00 7.04553e-07
7.04553e-07 0.00000e+00 3.52276e-07 7.04553e-07 3.52276e-07 0.00000e+00 0.00000e+00 7.04553e-07 0.00000e+00 0.00000e+00 3.52276e-07 0.00000e+00 3.52276e-07 0.00000e+00 0.00000e+00 0.00000e+00 0.00000e+00 0.00000e+00 0.00000e+00 0.00000e+00 7.04553e-07 7.04553e-07 3.52276e-07 3.52276e-07 3.52276e-07 0.00000e+00 0.00000e+00 3.52276e-07 0.00000e+00 7.04553e-07
1.05683e-06 0.00000e+00 3.52276e-07 7.04553e-07 3.52276e-07 0.00000e+00 0.00000e+00 3.52276e-07 3.52276e-07 7.04553e-07 0.00000e+00 0.00000e+00 3.52276e-07 0.00000e+00 0.00000e+00 0.00000e+00 0.00000e+00 0.00000e+00 0.00000e+00 0.00000e+00 0.00000e+00 0.00000e+00 0.00000e+00 7.04553e-07 0.00000e+00 0.00000e+00 3.52276e-07 3.52276e-07 3.52276e-07 1.05683e-06
1.40911e-06 3.52276e-07 7.04553e-07 0.00000e+00 0.00000e+00 3.52276e-07 0.00000e+00 3.52276e-07 3.52276e-07 0.00000e+00 0.00000e+00 0.00000e+00 7.04553e-07 0.00000e+00 0.00000e+00 1.05683e-06 7.04553e-07 0.00000e+00 0.00000e+00 3.52276e-07 0.00000e+00 0.00000e+00 3.52276e-07 0.00000e+00 3.52276e-07 0.00000e+00 0.00000e+00 0.00000e+00 1.05683e-06 7.04553e-07
1.05683e-06 3.52276e-07 0.00000e+00 0.00000e+00 7.04553e-07 7.04553e-07 0.00000e+00 3.52276e-07 7.04553e-07 0.00000e+00 0.00000e+00 3.52276e-07 3.52276e-07 3.52276e-07 0.00000e+00 3.52276e-07 0.00000e+00 3.52276e-07 0.00000e+00 0.00000e+00 0.00000e+00 0.00000e+00 3.52276e-07 3.52276e-07 0.00000e+00 0.00000e+00 0.00000e+00 0.00000e+00 3.52276e-07 1.05683e-06
7.04553e-07 1.05683e-06 0.00000e+00 7.04553e-07 1.05683e-06 3.52276e-07 0.00000e+00 3.52276e-07 3.52276e-07 0.00000e+00 0.00000e+00 3.52276e-07 0.00000e+00 3.52276e-07 3.52276e-07 3.52276e-07 0.00000e+00 0.00000e+00 0.00000e+00 0.00000e+00 0.00000e+00 0.00000e+00 3.52276e-07 3.52276e-07 3.52276e-07 0.00000e+00 3.52276e-07 3.52276e-07 7.04553e-07 7.04553e-07
7.04553e-07 2.11366e-06 7.04553e-07 1.05683e-06 7.04553e-07 0.00000e+00 7.04553e-07 7.04553e-07 3.52276e-07 0.00000e+00 3.52276e-07 3.52276e-07 0.00000e+00 0.00000e+00 3.52276e-07 3.52276e-07 3.52276e-07 3.52276e-07 3.52276e-07 0.00000e+00 0.00000e+00 3.52276e-07 7.04553e-07 7.04553e-07 3.52276e-07 3.52276e-07 7.04553e-07 1.05683e-06 7.04553e-07 0.00000e+00
0.00000e+00 7.04553e-07 1.40911e-06 3.52276e-07 0.00000e+00 0.00000e+00 7.04553e-07 3.52276e-07 3.52276e-07 0.00000e+00 0.00000e+00 0.00000e+00 7.04553e-07 3.52276e-07 3.52276e-07 3.52276e-07 0.00000e+00 3.52276e-07 7.04553e-07 7.04553e-07 3.52276e-07 3.52276e-07 7.04553e-07 7.04553e-07 3.52276e-07 7.04553e-07 0.00000e+00 1.40911e-06 7.04553e-07 1.05683e-06
3.52276e-07 3.52276e-07 0.00000e+00 3.52276e-07 3.52276e-07 3.52276e-07 7.04553e-07 3.52276e-07 0.00000e+00 0.00000e+00 0.00000e+00 3.52276e-07 3.52276e-07 0.00000e+00 0.00000e+00 3.52276e-07 0.00000e+00 0.00000e+00 3.52276e-07 0.00000e+00 0.00000e+00 0.00000e+00 0.00000e+00 3.52276e-07 3.52276e-07 3.52276e-07 0.00000e+00 3.52276e-07 1.05683e-06 3.52276e-07
3.52276e-07 3.52276e-07 0.00000e+00 3.52276e-07 0.00000e+00 3.52276e-07 0.00000e+00 7.04553e-07 0.00000e+00 0.00000e+00 3.52276e-07 3.52276e-07 3.52276e-07 0.00000e+00 3.52276e-07 0.00000e+00 3.52276e-07 0.00000e+00 0.00000e+00 3.52276e-07 3.52276e-07 0.00000e+00 0.00000e+00 7.04553e-07 1.05683e-06 1.05683e-06 0.00000e+00 3.52276e-07 7.04553e-07 1.05683e-06
7.04553e-07 7.04553e-07 3.52276e-07 3.52276e-07 0.00000e+00 0.00000e+00 3.52276e-07 3.52276e-07 0.00000e+00 0.00000e+00 0.00000e+00 0.00000e+00 0.00000e+00 3.52276e-07 0.00000e+00 0.00000e+00 0.00000e+00 3.52276e-07 3.52276e-07 7.04553e-07 0.00000e+00 0.00000e+00 7.04553e-07 3.52276e-07 3.52276e-07 0.00000e+00 0.00000e+00 7.04553e-07 0.00000e+00 3.52276e-07
1.05683e-06 1.05683e-06 0.00000e+00 3.52276e-07 3.52276e-07 0.00000e+00 3.52276e-07 0.00000e+00 3.52276e-07 0.00000e+00 0.00000e+00 0.00000e+00 0.00000e+00 3.52276e-07 0.00000e+00 0.00000e+00 3.52276e-07 0.00000e+00 0.00000e+00 0.00000e+00 0.00000e+00 3.52276e-07 0.00000e+00 3.52276e-07 3.52276e-07 0.00000e+00 0.00000e+00 0.00000e+00 0.00000e+00 1.40911e-06
3.52276e-07 7.04553e-07 0.00000e+00 3.52276e-07 0.00000e+00 3.52276e-07 0.00000e+00 3.52276e-07 0.00000e+00 3.52276e-07 0.00000e+00 3.52276e-07 7.04553e-07 7.04553e-07 3.52276e-07 0.00000e+00 1.05683e-06 3.52276e-07 0.00000e+00 0.00000e+00 0.00000e+00 0.00000e+00 0.00000e+00 7.04553e-07 0.00000e+00 3.52276e-07 3.52276e-07 1.40911e-06 1.05683e-06 1.76138e-06
0.00000e+00 7.04553e-07 0.00000e+00 3.52276e-07 0.00000e+00 3.52276e-07 3.52276e-07 3.52276e-07 3.52276e-07 0.00000e+00 3.52276e-07 7.04553e-07 0.00000e+00 3.52276e-07 3.52276e-07 0.00000e+00 7.04553e-07 0.00000e+00 0.00000e+00 0.00000e+00 0.00000e+00 0.00000e+00 0.00000e+00 0.00000e+00 0.00000e+00 3.52276e-07 7.04553e-07 3.52276e-07 3.52276e-07 7.04553e-07
1.40911e-06 0.00000e+00 0.00000e+00 7.04553e-07 0.00000e+00 7.04553e-07 1.05683e-06 1.40911e-06 7.04553e-07 3.52276e-07 7.04553e-07 0.00000e+00 3.52276e-07 3.52276e-07 3.52276e-07 0.00000e+00 0.00000e+00 3.52276e-07 0.00000e+00 7.04553e-07 1.05683e-06 3.52276e-07 3.52276e-07 0.00000e+00 3.52276e-07 3.52276e-07 3.52276e-07 7.04553e-07 1.05683e-06 1.40911e-06
1.05683e-06 7.04553e-07 0.00000e+00 3.52276e-07 1.05683e-06 7.04553e-07 0.00000e+00 0.00000e+00 7.04553e-07 0.00000e+00 7.04553e-07 0.00000e+00 3.52276e-07 0.00000e+00 0.00000e+00 0.00000e+00 0.00000e+00 7.04553e-07 0.00000e+00 3.52276e-07 3.52276e-07 0.00000e+00 0.00000e+00 3.52276e-07 0.00000e+00 0.00000e+00 0.00000e+00 7.04553e-07 3.52276e-07 2.11366e-06
3.52276e-07 0.00000e+00 0.00000e+00 7.04553e-07 3.52276e-07 0.00000e+00 0.00000e+00 0.00000e+00 3.52276e-07 3.52276e-07 0.00000e+00 0.00000e+00 0.00000e+00 0.00000e+00 0.00000e+00 0.00000e+00 0.00000e+00 0.00000e+00 0.00000e+00 0.00000e+00 7.04553e-07 3.52276e-07 3.52276e-07 3.52276e-07 0.00000e+00 0.00000e+00 0.00000e+00 0.00000e+00 7.04553e-07 7.04553e-07
3.52276e-07 3.52276e-07 3.52276e-07 3.52276e-07 0.00000e+00 0.00000e+00 0.00000e+00 0.00000e+00 0.00000e+00 7.04553e-07 3.52276e-07 0.00000e+00 0.00000e+00 0.00000e+00 0.00000e+00 0.00000e+00 0.00000e+00 0.00000e+00 0.00000e+00 3.52276e-07 3.52276e-07 0.00000e+00 0.00000e+00 0.00000e+00 0.00000e+00 0.00000e+00 0.00000e+00 3.52276e-07 0.00000e+00 7.04553e-07
7.04553e-07 3.52276e-07 7.04553e-07 0.00000e+00 3.52276e-07 7.04553e-07 3.52276e-07 3.52276e-07 0.00000e+00 3.52276e-07 1.05683e-06 0.00000e+00 0.00000e+00 3.52276e-07 0.00000e+00 0.00000e+00 0.00000e+00 0.00000e+00 0.00000e+00 0.00000e+00 0.00000e+00 0.00000e+00 0.00000e+00 0.00000e+00 0.00000e+00 0.00000e+00 7.04553e-07 7.04553e-07 1.05683e-06 3.52276e-07
3.52276e-07 0.00000e+00 3.52276e-07 0.00000e+00 7.04553e-07 0.00000e+00 0.00000e+00 0.00000e+00 0.00000e+00 3.52276e-07 3.52276e-07 0.00000e+00 0.00000e+00 0.00000e+00 0.00000e+00 3.52276e-07 3.52276e-07 3.52276e-07 0.00000e+00 0.00000e+00 0.00000e+00 3.52276e-07 0.00000e+00 7.04553e-07 0.00000e+00 0.00000e+00 3.52276e-07 0.00000e+00 1.05683e-06 3.52276e-07
0.00000e+00 1.05683e-06 0.00000e+00 0.00000e+00 0.00000e+00 3.52276e-07 3.52276e-07 0.00000e+00 0.00000e+00 7.04553e-07 0.00000e+00 0.00000e+00 0.00000e+00 0.00000e+00 7.04553e-07 0.00000e+00 3.52276e-07 3.52276e-07 0.00000e+00 0.00000e+00 0.00000e+00 3.52276e-07 0.00000e+00 0.00000e+00 3.52276e-07 7.04553e-07 7.04553e-07 0.00000e+00 3.52276e-07 1.05683e-06
7.04553e-07 7.04553e-07 0.00000e+00 0.00000e+00 7.04553e-07 7.04553e-07 0.00000e+00 0.00000e+00 3.52276e-07 0.00000e+00 0.00000e+00 0.00000e+00 0.00000e+00 0.00000e+00 0.00000e+00 0.00000e+00 3.52276e-07 0.00000e+00 0.00000e+00 0.00000e+00 0.00000e+00 0.00000e+00 0.00000e+00 0.00000e+00 3.52276e-07 0.00000e+00 3.52276e-07 7.04553e-07 7.04553e-07 1.05683e-06
7.04553e-07 7.04553e-07 7.04553e-07 0.00000e+00 3.52276e-07 7.04553e-07 0.00000e+00 0.00000e+00 3.52276e-07 0.00000e+00 0.00000e+00 7.04553e-07 0.00000e+00 0.00000e+00 0.00000e+00 0.00000e+00 0.00000e+00 0.00000e+00 0.00000e+00 3.52276e-07 0.00000e+00 0.00000e+00 0.00000e+00 3.52276e-07 0.00000e+00 3.52276e-07 7.04553e-07 7.04553e-07 0.00000e+00 7.04553e-07
1.76138e-06 1.05683e-06 7.04553e-07 7.04553e-07 0.00000e+00 3.52276e-07 0.00000e+00 3.52276e-07 1.05683e-06 0.00000e+00 0.00000e+00 3.52276e-07 3.52276e-07 3.52276e-07 0.00000e+00 0.00000e+00 0.00000e+00 3.52276e-07 1.05683e-06 3.52276e-07 0.00000e+00 7.04553e-07 0.00000e+00 7.04553e-07 0.00000e+00 3.52276e-07 7.04553e-07 7.04553e-07 3.52276e-07 7.04553e-07
0.00000e+00 3.52276e-07 7.04553e-07 3.52276e-07 0.00000e+00 0.00000e+00 0.00000e+00 0.00000e+00 0.00000e+00 0.00000e+00 0.00000e+00 3.52276e-07 3.52276e-07 3.52276e-07 0.00000e+00 7.04553e-07 0.00000e+00 7.04553e-07 7.04553e-07 3.52276e-07 0.00000e+00 0.00000e+00 0.00000e+00 3.52276e-07 7.04553e-07 7.04553e-07 0.00000e+00 3.52276e-07 3.52276e-07 0.00000e+00
3.52276e-07 7.04553e-07 3.52276e-07 3.52276e-07 3.52276e-07 3.52276e-07 0.00000e+00 0.00000e+00 0.00000e+00 0.00000e+00 0.00000e+00 0.00000e+00 3.52276e-07 7.04553e-07 3.52276e-07 0.00000e+00 0.00000e+00 0.00000e+00 0.00000e+00 0.00000e+00 3.52276e-07 0.00000e+00 0.00000e+00 7.04553e-07 3.52276e-07 3.52276e-07 3.52276e-07 3.52276e-07 7.04553e-07 7.04553e-07
0.00000e+00 0.00000e+00 3.52276e-07 0.00000e+00 0.00000e+00 3.52276e-07 3.52276e-07 0.00000e+00 0.00000e+00 0.00000e+00 7.04553e-07 3.52276e-07 3.52276e-07 0.00000e+00 0.00000e+00 0.00000e+00 0.00000e+00 0.00000e+00 0.00000e+00 0.00000e+00 3.52276e-07 1.05683e-06 0.00000e+00 3.52276e-07 0.00000e+00 1.05683e-06 7.04553e-07 0.00000e+00 0.00000e+00 1.05683e-06
3.52276e-07 0.00000e+00 3.52276e-07 3.52276e-07 0.00000e+00 0.00000e+00 0.00000e+00 3.52276e-07 0.00000e+00 0.00000e+00 3.52276e-07 3.52276e-07 7.04553e-07 3.52276e-07 0.00000e+00 0.00000e+00 3.52276e-07 0.00000e+00 3.52276e-07 0.00000e+00 7.04553e-07 0.00000e+00 0.00000e+00 7.04553e-07 7.04553e-07 3.52276e-07 1.05683e-06 0.00000e+00 3.52276e-07 0.00000e+00
3.52276e-07 0.00000e+00 3.52276e-07 0.00000e+00 3.52276e-07 0.00000e+00 0.00000e+00 3.52276e-07 0.00000e+00 0.00000e+00 3.52276e-07 0.00000e+00 0.00000e+00 0.00000e+00 3.52276e-07 1.05683e-06 7.04553e-07 0.00000e+00 3.52276e-07 3.52276e-07 7.04553e-07 1.40911e-06 3.52276e-07 3.52276e-07 0.00000e+00 3.52276e-07 3.52276e-07 7.04553e-07 3.52276e-07 3.52276e-07
7.04553e-07 7.04553e-07 7.04553e-07 0.00000e+00 3.52276e-07 3.52276e-07 0.00000e+00 0.00000e+00 3.52276e-07 3.52276e-07 0.00000e+00 7.04553e-07 0.00000e+00 3.52276e-07 0.00000e+00 3.52276e-07 0.00000e+00 0.00000e+00 0.00000e+00 0.00000e+00 7.04553e-07 7.04553e-07 7.04553e-07 3.52276e-07 3.52276e-07 7.04553e-07 1.05683e-06 3.52276e-07 3.52276e-07 7.04553e-07
1.05683e-06 7.04553e-07 3.52276e-07 0.00000e+00 0.00000e+00 3.52276e-07 7.04553e-07 7.04553e-07 7.04553e-07 3.52276e-07 3.52276e-07 3.52276e-07 7.04553e-07 7.04553e-07 3.52276e-07 3.52276e-07 3.52276e-07 0.00000e+00 3.52276e-07 0.00000e+00 3.52276e-07 1.76138e-06 7.04553e-07 1.05683e-06 3.52276e-07 1.05683e-06 1.05683e-06 7.04553e-07 1.05683e-06 7.04553e-07
1.40911e-06 1.05683e-06 7.04553e-07 3.52276e-07 3.52276e-07 3.52276e-07 0.00000e+00 3.52276e-07 3.52276e-07 0.00000e+00 0.00000e+00 0.00000e+00 0.00000e+00 0.00000e+00 7.04553e-07 0.00000e+00 3.52276e-07 0.00000e+00 0.00000e+00 1.05683e-06 7.04553e-07 3.52276e-07 3.52276e-07 1.05683e-06 1.40911e-06 1.05683e-06 1.40911e-06 0.00000e+00 0.00000e+00 3.52276e-07
0.00000e+00 0.00000e+00 0.00000e+00 7.04553e-07 1.05683e-06 7.04553e-07 0.00000e+00 3.52276e-07 3.52276e-07 3.52276e-07 0.00000e+00 3.52276e-07 0.00000e+00 0.00000e+00 3.52276e-07 3.52276e-07 3.52276e-07 3.52276e-07 0.00000e+00 3.52276e-07 3.52276e-07 0.00000e+00 3.52276e-07 3.52276e-07 3.52276e-07 1.05683e-06 3.52276e-07 0.00000e+00 0.00000e+00 3.52276e-07
3.52276e-07 0.00000e+00 0.00000e+00 1.05683e-06 7.04553e-07 3.52276e-07 7.04553e-07 0.00000e+00 0.00000e+00 0.00000e+00 0.00000e+00 3.52276e-07 7.04553e-07 1.40911e-06 7.04553e-07 7.04553e-07 0.00000e+00 3.52276e-07 0.00000e+00 7.04553e-07 0.00000e+00 0.00000e+00 3.52276e-07 3.52276e-07 0.00000e+00 3.52276e-07 0.00000e+00 3.52276e-07 0.00000e+00 0.00000e+00
0.00000e+00 3.52276e-07 3.52276e-07 3.52276e-07 3.52276e-07 0.00000e+00 0.00000e+00 0.00000e+00 0.00000e+00 0.00000e+00 0.00000e+00 3.52276e-07 3.52276e-07 1.05683e-06 7.04553e-07 3.52276e-07 0.00000e+00 0.00000e+00 0.00000e+00 3.52276e-07 0.00000e+00 0.00000e+00 0.00000e+00 0.00000e+00 3.52276e-07 3.52276e-07 0.00000e+00 3.52276e-07 0.00000e+00 1.05683e-06
7.04553e-07 3.52276e-07 7.04553e-07 3.52276e-07 7.04553e-07 7.04553e-07 0.00000e+00 0.00000e+00 0.00000e+00 0.00000e+00 0.00000e+00 0.00000e+00 0.00000e+00 3.52276e-07 3.52276e-07 3.52276e-07 0.00000e+00 0.00000e+00 0.00000e+00 3.52276e-07 7.04553e-07 0.00000e+00 3.52276e-07 0.00000e+00 0.00000e+00 3.52276e-07 1.40911e-06 1.05683e-06 1.05683e-06 7.04553e-07
3.52276e-07 0.00000e+00 1.05683e-06 7.04553e-07 0.00000e+00 3.52276e-07 0.00000e+00 0.00000e+00 0.00000e+00 3.52276e-07 0.00000e+00 3.52276e-07 3.52276e-07 7.04553e-07 3.52276e-07 0.00000e+00 3.52276e-07 3.52276e-07 0.00000e+00 3.52276e-07 7.04553e-07 1.05683e-06 3.52276e-07 0.00000e+00 3.52276e-07 3.52276e-07 1.05683e-06 3.52276e-07 0.00000e+00 3.52276e-07
7.04553e-07 0.00000e+00 7.04553e-07 7.04553e-07 0.00000e+00 3.52276e-07 3.52276e-07 0.00000e+00 0.00000e+00 7.04553e-07 3.52276e-07 0.00000e+00 0.00000e+00 0.00000e+00 0.00000e+00 1.05683e-06 0.00000e+00 3.52276e-07 7.04553e-07 1.40911e-06 3.52276e-07 3.52276e-07 0.00000e+00 0.00000e+00 0.00000e+00 0.00000e+00 3.52276e-07 0.00000e+00 3.52276e-07 1.05683e-06
0.00000e+00 0.00000e+00 7.04553e-07 0.00000e+00 3.52276e-07 7.04553e-07 0.00000e+00 3.52276e-07 3.52276e-07 1.05683e-06 3.52276e-07 0.00000e+00 7.04553e-07 7.04553e-07 1.05683e-06 7.04553e-07 0.00000e+00 7.04553e-07 7.04553e-07 3.52276e-07 3.52276e-07 7.04553e-07 7.04553e-07 3.52276e-07 3.52276e-07 3.52276e-07 1.05683e-06 1.05683e-06 1.40911e-06 1.40911e-06
3.52276e-07 7.04553e-07 7.04553e-07 3.52276e-07 1.05683e-06 7.04553e-07 7.04553e-07 7.04553e-07 7.04553e-07 7.04553e-07 0.00000e+00 0.00000e+00 7.04553e-07 1.05683e-06 1.05683e-06 7.04553e-07 1.05683e-06 1.40911e-06 7.04553e-07 0.00000e+00 0.00000e+00 0.00000e+00 0.00000e+00 0.00000e+00 3.52276e-07 1.40911e-06 7.04553e-07 3.52276e-07 1.40911e-06 1.76138e-06
0.00000e+00 0.00000e+00 3.52276e-07 3.52276e-07 0.00000e+00 0.00000e+00 3.52276e-07 0.00000e+00 3.52276e-07 3.52276e-07 0.00000e+00 0.00000e+00 3.52276e-07 3.52276e-07 0.00000e+00 0.00000e+00 0.00000e+00 0.00000e+00 3.52276e-07 0.00000e+00 0.00000e+00 0.00000e+00 0.00000e+00 0.00000e+00 0.00000e+00 3.52276e-07 7.04553e-07 0.00000e+00 3.52276e-07 3.52276e-07
0.00000e+00 0.00000e+00 7.04553e-07 3.52276e-07 0.00000e+00 3.52276e-07 1.05683e-06 3.52276e-07 0.00000e+00 0.00000e+00 0.00000e+00 0.00000e+00 0.00000e+00 0.00000e+00 0.00000e+00 0.00000e+00 0.00000e+00 0.00000e+00 0.00000e+00 0.00000e+00 7.04553e-07 0.00000e+00 3.52276e-07 3.52276e-07 7.04553e-07 3.52276e-07 7.04553e-07 7.04553e-07 1.05683e-06 3.52276e-07
3.52276e-07 7.04553e-07 0.00000e+00 0.00000e+00 0.00000e+00 0.00000e+00 3.52276e-07 7.04553e-07 0.00000e+00 3.52276e-07 0.00000e+00 0.00000e+00 0.00000e+00 0.00000e+00 3.52276e-07 3.52276e-07 0.00000e+00 0.00000e+00 0.00000e+00 7.04553e-07 0.00000e+00 3.52276e-07 0.00000e+00 0.00000e+00 0.00000e+00 3.52276e-07 3.52276e-07 7.04553e-07 2.46593e-06 1.05683e-06
7.04553e-07 3.52276e-07 3.52276e-07 0.00000e+00 0.00000e+00 0.00000e+00 0.00000e+00 0.00000e+00 0.00000e+00 0.00000e+00 0.00000e+00 0.00000e+00 3.52276e-07 3.52276e-07 3.52276e-07 0.00000e+00 3.52276e-07 7.04553e-07 3.52276e-07 7.04553e-07 1.05683e-06 1.05683e-06 1.05683e-06 3.52276e-07 3.52276e-07 3.52276e-07 1.05683e-06 7.04553e-07 1.05683e-06 1.40911e-06
3.52276e-07 3.52276e-07 0.00000e+00 3.52276e-07 7.04553e-07 0.00000e+00 0.00000e+00 3.52276e-07 3.52276e-07 3.52276e-07 3.52276e-07 0.00000e+00 3.52276e-07 0.00000e+00 0.00000e+00 3.52276e-07 7.04553e-07 7.04553e-07 3.52276e-07 3.52276e-07 3.52276e-07 3.52276e-07 3.52276e-07 3.52276e-07 7.04553e-07 3.52276e-07 3.52276e-07 1.40911e-06 1.05683e-06 1.40911e-06
7.04553e-07 1.40911e-06 0.00000e+00 3.52276e-07 0.00000e+00 1.05683e-06 0.00000e+00 7.04553e-07 7.04553e-07 7.04553e-07 1.76138e-06 0.00000e+00 3.52276e-07 0.00000e+00 0.00000e+00 0.00000e+00 3.52276e-07 7.04553e-07 0.00000e+00 3.52276e-07 3.52276e-07 0.00000e+00 0.00000e+00 0.00000e+00 3.52276e-07 7.04553e-07 1.05683e-06 0.00000e+00 7.04553e-07 3.52276e-07
1.76138e-06 1.40911e-06 1.05683e-06 7.04553e-07 7.04553e-07 1.40911e-06 7.04553e-07 3.52276e-07 0.00000e+00 0.00000e+00 1.40911e-06 0.00000e+00 3.52276e-07 3.52276e-07 3.52276e-07 3.52276e-07 3.52276e-07 1.05683e-06 1.05683e-06 7.04553e-07 3.52276e-07 0.00000e+00 7.04553e-07 3.52276e-07 3.52276e-07 0.00000e+00 3.52276e-07 7.04553e-07 1.76138e-06 7.04553e-07
1.05683e-06 1.05683e-06 1.40911e-06 7.04553e-07 3.52276e-07 3.52276e-07 1.05683e-06 7.04553e-07 1.05683e-06 7.04553e-07 1.05683e-06 7.04553e-07 7.04553e-07 3.52276e-07 3.52276e-07 0.00000e+00 1.05683e-06 7.04553e-07 0.00000e+00 7.04553e-07 3.52276e-07 3.52276e-07 3.52276e-07 3.52276e-07 1.05683e-06 7.04553e-07 1.05683e-06 3.52276e-07 2.11366e-06 3.52276e-07
7.04553e-07 3.52276e-07 7.04553e-07 0.00000e+00 3.52276e-07 3.52276e-07 3.52276e-07 0.00000e+00 0.00000e+00 3.52276e-07 3.52276e-07 1.05683e-06 1.05683e-06 0.00000e+00 0.00000e+00 0.00000e+00 0.00000e+00 3.52276e-07 3.52276e-07 3.52276e-07 0.00000e+00 0.00000e+00 0.00000e+00 0.00000e+00 0.00000e+00 3.52276e-07 0.00000e+00 3.52276e-07 0.00000e+00 1.05683e-06
7.04553e-07 0.00000e+00 0.00000e+00 3.52276e-07 0.00000e+00 0.00000e+00 3.52276e-07 3.52276e-07 3.52276e-07 1.05683e-06 1.05683e-06 3.52276e-07 1.40911e-06 3.52276e-07 0.00000e+00 0.00000e+00 3.52276e-07 3.52276e-07 7.04553e-07 0.00000e+00 0.00000e+00 0.00000e+00 3.52276e-07 0.00000e+00 3.52276e-07 7.04553e-07 0.00000e+00 0.00000e+00 0.00000e+00 1.40911e-06
1.05683e-06 3.52276e-07 0.00000e+00 0.00000e+00 3.52276e-07 0.00000e+00 3.52276e-07 3.52276e-07 7.04553e-07 0.00000e+00 1.05683e-06 7.04553e-07 0.00000e+00 7.04553e-07 3.52276e-07 0.00000e+00 3.52276e-07 3.52276e-07 0.00000e+00 0.00000e+00 7.04553e-07 7.04553e-07 3.52276e-07 7.04553e-07 7.04553e-07 1.05683e-06 3.52276e-07 3.52276e-07 3.52276e-07 1.40911e-06
7.04553e-07 0.00000e+00 7.04553e-07 0.00000e+00 0.00000e+00 0.00000e+00 0.00000e+00 3.52276e-07 0.00000e+00 0.00000e+00 0.00000e+00 3.52276e-07 3.52276e-07 3.52276e-07 3.52276e-07 0.00000e+00 3.52276e-07 1.40911e-06 0.00000e+00 0.00000e+00 3.52276e-07 0.00000e+00 3.52276e-07 3.52276e-07 0.00000e+00 3.52276e-07 7.04553e-07 1.05683e-06 3.52276e-07 0.00000e+00
3.52276e-07 0.00000e+00 7.04553e-07 3.52276e-07 0.00000e+00 0.00000e+00 7.04553e-07 3.52276e-07 0.00000e+00 3.52276e-07 0.00000e+00 3.52276e-07 3.52276e-07 3.52276e-07 3.52276e-07 3.52276e-07 7.04553e-07 0.00000e+00 0.00000e+00 0.00000e+00 0.00000e+00 0.00000e+00 3.52276e-07 3.52276e-07 0.00000e+00 0.00000e+00 3.52276e-07 0.00000e+00 0.00000e+00 3.52276e-07
0.00000e+00 3.52276e-07 0.00000e+00 0.00000e+00 3.52276e-07 3.52276e-07 3.52276e-07 0.00000e+00 3.52276e-07 7.04553e-07 3.52276e-07 0.00000e+00 0.00000e+00 0.00000e+00 0.00000e+00 3.52276e-07 3.52276e-07 3.52276e-07 3.52276e-07 7.04553e-07 7.04553e-07 3.52276e-07 3.52276e-07 3.52276e-07 3.52276e-07 7.04553e-07 7.04553e-07 7.04553e-07 7.04553e-07 1.76138e-06
1.76138e-06 1.76138e-06 7.04553e-07 3.52276e-07 1.40911e-06 7.04553e-07 0.00000e+00 7.04553e-07 0.00000e+00 7.04553e-07 7.04553e-07 3.52276e-07 7.04553e-07 7.04553e-07 3.52276e-07 1.05683e-06 1.40911e-06 7.04553e-07 3.52276e-07 0.00000e+00 0.00000e+00 0.00000e+00 7.04553e-07 3.52276e-07 1.40911e-06 1.40911e-06 3.52276e-07 1.05683e-06 1.05683e-06 2.11366e-06
1.76138e-06 7.04553e-07 1.05683e-06 7.04553e-07 1.76138e-06 7.04553e-07 0.00000e+00 3.52276e-07 7.04553e-07 7.04553e-07 1.40911e-06 3.52276e-07 3.52276e-07 0.00000e+00 7.04553e-07 3.52276e-07 7.04553e-07 7.04553e-07 1.05683e-06 7.04553e-07 3.52276e-07 0.00000e+00 3.52276e-07 0.00000e+00 7.04553e-07 3.52276e-07 3.52276e-07 3.52276e-07 1.40911e-06 2.11366e-06
0.00000e+00 3.52276e-07 3.52276e-07 7.04553e-07 7.04553e-07 0.00000e+00 0.00000e+00 0.00000e+00 3.52276e-07 0.00000e+00 0.00000e+00 3.52276e-07 3.52276e-07 0.00000e+00 0.00000e+00 0.00000e+00 3.52276e-07 3.52276e-07 3.52276e-07 3.52276e-07 3.52276e-07 0.00000e+00 0.00000e+00 3.52276e-07 0.00000e+00 0.00000e+00 0.00000e+00 3.52276e-07 3.52276e-07 1.05683e-06
3.52276e-07 1.05683e-06 3.52276e-07 3.52276e-07 7.04553e-07 3.52276e-07 0.00000e+00 0.00000e+00 3.52276e-07 3.52276e-07 3.52276e-07 0.00000e+00 3.52276e-07 7.04553e-07 0.00000e+00 0.00000e+00 3.52276e-07 3.52276e-07 7.04553e-07 0.00000e+00 3.52276e-07 0.00000e+00 3.52276e-07 3.52276e-07 0.00000e+00 1.05683e-06 7.04553e-07 0.00000e+00 7.04553e-07 3.52276e-07
3.52276e-07 3.52276e-07 3.52276e-07 7.04553e-07 7.04553e-07 1.40911e-06 7.04553e-07 3.52276e-07 0.00000e+00 3.52276e-07 7.04553e-07 3.52276e-07 3.52276e-07 0.00000e+00 3.52276e-07 3.52276e-07 3.52276e-07 7.04553e-07 3.52276e-07 7.04553e-07 7.04553e-07 7.04553e-07 7.04553e-07 7.04553e-07 0.00000e+00 1.40911e-06 3.52276e-07 0.00000e+00 7.04553e-07 3.52276e-07
0.00000e+00 0.00000e+00 7.04553e-07 0.00000e+00 3.52276e-07 1.05683e-06 0.00000e+00 7.04553e-07 0.00000e+00 0.00000e+00 3.52276e-07 3.52276e-07 0.00000e+00 3.52276e-07 1.05683e-06 0.00000e+00 3.52276e-07 7.04553e-07 7.04553e-07 3.52276e-07 0.00000e+00 0.00000e+00 7.04553e-07 3.52276e-07 3.52276e-07 7.04553e-07 7.04553e-07 7.04553e-07 7.04553e-07 1.05683e-06
3.52276e-07 3.52276e-07 7.04553e-07 7.04553e-07 7.04553e-07 1.05683e-06 3.52276e-07 3.52276e-07 3.52276e-07 0.00000e+00 3.52276e-07 3.52276e-07 0.00000e+00 0.00000e+00 3.52276e-07 7.04553e-07 3.52276e-07 3.52276e-07 7.04553e-07 0.00000e+00 3.52276e-07 0.00000e+00 7.04553e-07 3.52276e-07 7.04553e-07 7.04553e-07 7.04553e-07 3.52276e-07 0.00000e+00 1.05683e-06
0.00000e+00 3.52276e-07 3.52276e-07 0.00000e+00 3.52276e-07 0.00000e+00 0.00000e+00 0.00000e+00 3.52276e-07 0.00000e+00 0.00000e+00 7.04553e-07 3.52276e-07 3.52276e-07 7.04553e-07 7.04553e-07 3.52276e-07 3.52276e-07 3.52276e-07 3.52276e-07 3.52276e-07 3.52276e-07 7.04553e-07 7.04553e-07 0.00000e+00 3.52276e-07 3.52276e-07 3.52276e-07 3.52276e-07 7.04553e-07
1.05683e-06 7.04553e-07 1.05683e-06 0.00000e+00 1.05683e-06 1.05683e-06 3.52276e-07 0.00000e+00 3.52276e-07 3.52276e-07 0.00000e+00 0.00000e+00 7.04553e-07 3.52276e-07 0.00000e+00 0.00000e+00 3.52276e-07 7.04553e-07 3.52276e-07 3.52276e-07 3.52276e-07 0.00000e+00 7.04553e-07 1.05683e-06 7.04553e-07 3.52276e-07 7.04553e-07 3.52276e-07 3.52276e-07 7.04553e-07
7.04553e-07 0.00000e+00 3.52276e-07 7.04553e-07 7.04553e-07 3.52276e-07 1.05683e-06 7.04553e-07 7.04553e-07 1.05683e-06 0.00000e+00 0.00000e+00 0.00000e+00 0.00000e+00 0.00000e+00 7.04553e-07 7.04553e-07 1.05683e-06 3.52276e-07 7.04553e-07 3.52276e-07 3.52276e-07 7.04553e-07 1.05683e-06 7.04553e-07 0.00000e+00 3.52276e-07 1.05683e-06 1.40911e-06 1.05683e-06
1.40911e-06 3.52276e-07 3.52276e-07 1.40911e-06 3.52276e-07 3.52276e-07 7.04553e-07 1.05683e-06 3.52276e-07 3.52276e-07 3.52276e-07 7.04553e-07 7.04553e-07 3.52276e-07 3.52276e-07 7.04553e-07 7.04553e-07 3.52276e-07 0.00000e+00 0.00000e+00 3.52276e-07 7.04553e-07 1.05683e-06 1.05683e-06 7.04553e-07 0.00000e+00 0.00000e+00 0.00000e+00 3.52276e-07 7.04553e-07
3.52276e-07 0.00000e+00 3.52276e-07 1.05683e-06 0.00000e+00 3.52276e-07 3.52276e-07 0.00000e+00 0.00000e+00 3.52276e-07 0.00000e+00 3.52276e-07 7.04553e-07 0.00000e+00 0.00000e+00 0.00000e+00 0.00000e+00 7.04553e-07 0.00000e+00 0.00000e+00 3.52276e-07 3.52276e-07 0.00000e+00 3.52276e-07 0.00000e+00 0.00000e+00 7.04553e-07 1.05683e-06 1.40911e-06 1.40911e-06
7.04553e-07 7.04553e-07 3.52276e-07 7.04553e-07 3.52276e-07 3.52276e-07 0.00000e+00 0.00000e+00 0.00000e+00 3.52276e-07 7.04553e-07 7.04553e-07 3.52276e-07 0.00000e+00 7.04553e-07 0.00000e+00 0.00000e+00 0.00000e+00 0.00000e+00 0.00000e+00 7.04553e-07 3.52276e-07 0.00000e+00 7.04553e-07 1.05683e-06 0.00000e+00 7.04553e-07 3.52276e-07 1.05683e-06 1.76138e-06
3.52276e-07 1.40911e-06 7.04553e-07 1.05683e-06 7.04553e-07 7.04553e-07 7.04553e-07 3.52276e-07 7.04553e-07 3.52276e-07 3.52276e-07 7.04553e-07 1.05683e-06 1.05683e-06 1.05683e-06 7.04553e-07 3.52276e-07 7.04553e-07 3.52276e-07 3.52276e-07 3.52276e-07 7.04553e-07 3.52276e-07 1.40911e-06 1.05683e-06 3.52276e-07 0.00000e+00 7.04553e-07 1.40911e-06 7.04553e-07
