1.23786e-05 7.76699e-06 7.52427e-06 1.01942e-05 7.28155e-06 7.76699e-06 8.49515e-06 6.06796e-06 7.03883e-06 1.06796e-05
7.28155e-06 7.03883e-06 8.25243e-06 6.06796e-06 5.09709e-06 6.06796e-06 5.33981e-06 5.33981e-06 5.82524e-06 7.03883e-06
5.82524e-06 6.55340e-06 6.06796e-06 5.09709e-06 6.06796e-06 3.64078e-06 5.33981e-06 4.12621e-06 5.09709e-06 9.46602e-06
3.64078e-06 1.69903e-06 1.21359e-06 1.94175e-06 1.45631e-06 4.85437e-07 2.18447e-06 2.18447e-06 3.39806e-06 2.91262e-06
3.64078e-06 2.18447e-06 2.42718e-06 2.91262e-06 2.42718e-06 1.69903e-06 7.28155e-07 1.69903e-06 9.70874e-07 3.64078e-06
3.88350e-06 2.18447e-06 3.39806e-06 2.42718e-06 2.18447e-06 1.69903e-06 1.45631e-06 1.21359e-06 9.70874e-07 3.15534e-06
4.12621e-06 3.39806e-06 2.66990e-06 1.69903e-06 1.94175e-06 1.21359e-06 4.85437e-07 1.21359e-06 4.85437e-07 1.94175e-06
2.18447e-06 7.28155e-07 1.21359e-06 1.21359e-06 1.45631e-06 1.45631e-06 2.66990e-06 2.66990e-06 4.85437e-07 1.21359e-06
2.42718e-06 9.70874e-07 1.69903e-06 1.94175e-06 2.66990e-06 2.18447e-06 1.45631e-06 9.70874e-07 1.69903e-06 2.42718e-06
2.66990e-06 3.39806e-06 2.91262e-06 1.21359e-06 1.45631e-06 3.15534e-06 2.91262e-06 1.94175e-06 1.45631e-06 2.42718e-06
1.94175e-06 1.69903e-06 1.94175e-06 1.94175e-06 2.42718e-06 2.42718e-06 2.42718e-06 9.70874e-07 1.94175e-06 3.64078e-06
2.91262e-06 1.69903e-06 3.39806e-06 2.18447e-06 2.66990e-06 1.45631e-06 3.88350e-06 2.42718e-06 3.15534e-06 1.94175e-06
5.82524e-06 3.88350e-06 4.36893e-06 5.58252e-06 4.12621e-06 4.12621e-06 5.09709e-06 4.85437e-06 6.31068e-06 6.55340e-06
4.12621e-06 4.85437e-06 3.64078e-06 4.36893e-06 4.61165e-06 4.12621e-06 5.58252e-06 4.36893e-06 3.64078e-06 4.61165e-06
6.31068e-06 4.85437e-06 2.91262e-06 4.61165e-06 4.36893e-06 5.33981e-06 3.88350e-06 4.12621e-06 5.09709e-06 4.61165e-06
2.18447e-06 1.94175e-06 2.66990e-06 3.15534e-06 3.88350e-06 2.91262e-06 2.66990e-06 1.94175e-06 1.94175e-06 2.42718e-06
4.85437e-06 4.12621e-06 2.66990e-06 2.91262e-06 3.15534e-06 2.18447e-06 3.15534e-06 1.94175e-06 1.94175e-06 2.42718e-06
2.42718e-06 1.21359e-06 1.69903e-06 2.91262e-06 2.42718e-06 1.45631e-06 1.69903e-06 4.85437e-07 1.69903e-06 3.64078e-06
1.94175e-06 2.91262e-06 1.45631e-06 1.94175e-06 2.42718e-06 2.42718e-06 9.70874e-07 1.21359e-06 1.69903e-06 2.66990e-06
3.15534e-06 9.70874e-07 4.85437e-07 1.94175e-06 1.94175e-06 2.91262e-06 2.42718e-06 1.94175e-06 2.18447e-06 2.18447e-06
3.15534e-06 1.69903e-06 1.94175e-06 1.45631e-06 2.42718e-06 9.70874e-07 1.45631e-06 2.18447e-06 2.42718e-06 3.15534e-06
2.42718e-06 2.42718e-06 1.94175e-06 2.66990e-06 2.18447e-06 2.42718e-06 3.15534e-06 9.70874e-07 9.70874e-07 5.09709e-06
2.66990e-06 2.42718e-06 9.70874e-07 1.21359e-06 1.45631e-06 2.18447e-06 3.15534e-06 1.45631e-06 1.94175e-06 3.39806e-06
3.88350e-06 2.42718e-06 1.69903e-06 1.69903e-06 1.69903e-06 3.15534e-06 2.18447e-06 2.42718e-06 9.70874e-07 1.94175e-06
5.82524e-06 5.33981e-06 4.36893e-06 5.33981e-06 3.15534e-06 4.61165e-06 4.85437e-06 3.64078e-06 6.06796e-06 6.55340e-06
5.09709e-06 5.09709e-06 5.09709e-06 4.12621e-06 4.12621e-06 3.15534e-06 2.91262e-06 3.64078e-06 6.06796e-06 5.33981e-06
3.88350e-06 4.36893e-06 5.09709e-06 4.85437e-06 3.88350e-06 4.12621e-06 4.36893e-06 4.36893e-06 6.31068e-06 7.52427e-06
3.64078e-06 3.39806e-06 2.42718e-06 1.69903e-06 1.45631e-06 1.94175e-06 1.21359e-06 1.45631e-06 1.21359e-06 1.94175e-06
3.64078e-06 1.45631e-06 1.69903e-06 1.69903e-06 2.66990e-06 1.69903e-06 1.69903e-06 2.42718e-06 2.18447e-06 3.88350e-06
3.39806e-06 2.42718e-06 2.18447e-06 1.94175e-06 1.69903e-06 1.69903e-06 1.69903e-06 2.66990e-06 1.21359e-06 4.61165e-06
2.66990e-06 7.28155e-07 9.70874e-07 3.39806e-06 2.18447e-06 1.21359e-06 1.94175e-06 2.18447e-06 1.45631e-06 2.91262e-06
2.18447e-06 2.42718e-06 1.69903e-06 2.91262e-06 2.91262e-06 1.45631e-06 7.28155e-07 7.28155e-07 2.66990e-06 2.18447e-06
2.42718e-06 1.94175e-06 1.69903e-06 2.42718e-06 1.94175e-06 1.45631e-06 1.69903e-06 2.42718e-06 1.94175e-06 4.12621e-06
2.18447e-06 3.39806e-06 1.94175e-06 1.94175e-06 2.42718e-06 1.69903e-06 2.18447e-06 1.45631e-06 2.42718e-06 3.88350e-06
4.12621e-06 1.45631e-06 2.91262e-06 2.18447e-06 1.45631e-06 1.69903e-06 1.94175e-06 2.66990e-06 2.91262e-06 3.39806e-06
3.88350e-06 3.15534e-06 2.42718e-07 1.21359e-06 1.69903e-06 1.69903e-06 1.94175e-06 1.45631e-06 2.18447e-06 3.64078e-06
4.61165e-06 3.39806e-06 4.12621e-06 6.55340e-06 2.42718e-06 2.91262e-06 5.09709e-06 4.85437e-06 4.12621e-06 5.82524e-06
6.06796e-06 4.36893e-06 4.85437e-06 4.61165e-06 4.85437e-06 2.91262e-06 5.33981e-06 4.12621e-06 4.12621e-06 5.82524e-06
6.31068e-06 6.06796e-06 2.91262e-06 2.91262e-06 5.58252e-06 3.64078e-06 3.64078e-06 4.61165e-06 3.64078e-06 5.82524e-06
3.39806e-06 3.15534e-06 1.94175e-06 1.21359e-06 2.91262e-06 2.91262e-06 2.66990e-06 1.21359e-06 9.70874e-07 2.91262e-06
2.66990e-06 1.94175e-06 1.94175e-06 2.42718e-06 2.66990e-06 3.15534e-06 2.42718e-06 1.45631e-06 1.45631e-06 2.66990e-06
3.39806e-06 2.18447e-06 1.21359e-06 2.42718e-06 1.69903e-06 1.45631e-06 1.45631e-06 1.94175e-06 2.18447e-06 3.15534e-06
3.15534e-06 2.42718e-06 2.66990e-06 1.45631e-06 4.85437e-07 1.69903e-06 1.94175e-06 1.69903e-06 1.45631e-06 3.88350e-06
2.66990e-06 1.94175e-06 3.15534e-06 1.94175e-06 1.94175e-06 2.66990e-06 1.45631e-06 1.94175e-06 1.45631e-06 2.42718e-06
4.12621e-06 1.94175e-06 7.28155e-07 2.42718e-06 1.94175e-06 1.94175e-06 2.42718e-06 2.42718e-06 1.94175e-06 2.18447e-06
4.36893e-06 2.66990e-06 1.21359e-06 1.45631e-06 7.28155e-07 1.69903e-06 3.39806e-06 1.69903e-06 2.18447e-06 2.91262e-06
3.88350e-06 2.18447e-06 1.21359e-06 1.69903e-06 2.18447e-06 2.42718e-06 1.69903e-06 2.66990e-06 3.15534e-06 1.94175e-06
3.64078e-06 1.69903e-06 1.45631e-06 1.21359e-06 1.69903e-06 2.18447e-06 1.45631e-06 1.69903e-06 3.39806e-06 2.91262e-06
3.64078e-06 6.06796e-06 3.64078e-06 3.64078e-06 4.36893e-06 4.85437e-06 3.88350e-06 5.33981e-06 6.79612e-06 5.82524e-06
5.33981e-06 5.58252e-06 3.15534e-06 4.12621e-06 5.09709e-06 4.85437e-06 5.58252e-06 5.82524e-06 5.33981e-06 5.09709e-06
6.06796e-06 3.64078e-06 5.58252e-06 5.58252e-06 4.12621e-06 5.58252e-06 6.06796e-06 4.12621e-06 4.61165e-06 7.76699e-06
3.39806e-06 1.94175e-06 2.18447e-06 3.39806e-06 3.15534e-06 1.94175e-06 2.18447e-06 2.42718e-06 3.39806e-06 4.61165e-06
5.82524e-06 1.94175e-06 1.21359e-06 2.18447e-06 2.91262e-06 3.15534e-06 2.91262e-06 2.42718e-06 4.36893e-06 4.12621e-06
3.15534e-06 2.91262e-06 1.94175e-06 2.18447e-06 1.45631e-06 2.42718e-06 3.15534e-06 3.39806e-06 4.85437e-06 3.15534e-06
2.18447e-06 2.18447e-06 2.42718e-06 1.94175e-06 2.18447e-06 1.21359e-06 1.45631e-06 1.21359e-06 2.66990e-06 4.61165e-06
1.69903e-06 9.70874e-07 1.45631e-06 2.42718e-06 2.42718e-06 1.45631e-06 2.18447e-06 1.45631e-06 7.28155e-07 4.12621e-06
2.66990e-06 1.45631e-06 1.69903e-06 1.45631e-06 1.69903e-06 1.69903e-06 1.94175e-06 2.42718e-06 3.15534e-06 4.85437e-06
2.66990e-06 2.66990e-06 2.18447e-06 2.91262e-06 1.94175e-06 2.18447e-06 9.70874e-07 1.45631e-06 1.45631e-06 3.64078e-06
4.12621e-06 2.42718e-06 2.42718e-06 1.69903e-06 1.45631e-06 2.18447e-06 1.21359e-06 1.45631e-06 1.69903e-06 2.42718e-06
4.12621e-06 1.69903e-06 1.94175e-06 1.21359e-06 1.21359e-06 1.94175e-06 2.91262e-06 7.28155e-07 1.69903e-06 2.42718e-06
7.03883e-06 4.12621e-06 4.36893e-06 2.66990e-06 2.66990e-06 3.15534e-06 3.64078e-06 3.15534e-06 3.88350e-06 5.58252e-06
5.82524e-06 4.36893e-06 3.15534e-06 3.15534e-06 2.42718e-06 3.15534e-06 4.12621e-06 3.39806e-06 3.39806e-06 7.52427e-06
6.55340e-06 4.61165e-06 2.18447e-06 5.33981e-06 1.94175e-06 2.66990e-06 1.69903e-06 3.64078e-06 5.82524e-06 6.79612e-06
4.36893e-06 1.69903e-06 9.70874e-07 2.18447e-06 9.70874e-07 7.28155e-07 4.85437e-07 1.69903e-06 1.94175e-06 2.91262e-06
3.88350e-06 1.94175e-06 1.21359e-06 2.42718e-06 1.21359e-06 1.45631e-06 1.21359e-06 1.69903e-06 2.91262e-06 2.91262e-06
3.64078e-06 7.28155e-07 1.45631e-06 7.28155e-07 7.28155e-07 1.94175e-06 1.21359e-06 1.94175e-06 2.42718e-06 4.85437e-06
2.66990e-06 1.45631e-06 1.45631e-06 2.18447e-06 1.69903e-06 2.18447e-06 1.69903e-06 9.70874e-07 1.69903e-06 4.36893e-06
2.66990e-06 1.94175e-06 1.21359e-06 1.45631e-06 2.66990e-06 1.94175e-06 3.15534e-06 1.45631e-06 1.69903e-06 3.64078e-06
3.64078e-06 1.94175e-06 7.28155e-07 4.85437e-07 2.42718e-06 4.12621e-06 1.69903e-06 1.45631e-06 9.70874e-07 3.39806e-06
4.12621e-06 2.66990e-06 1.45631e-06 1.21359e-06 1.45631e-06 2.18447e-06 1.45631e-06 3.15534e-06 1.69903e-06 5.09709e-06
3.15534e-06 2.42718e-06 1.94175e-06 1.94175e-06 1.45631e-06 1.45631e-06 2.42718e-06 1.45631e-06 1.69903e-06 6.55340e-06
3.15534e-06 1.69903e-06 1.21359e-06 2.91262e-06 3.15534e-06 1.45631e-06 2.91262e-06 2.42718e-06 2.91262e-06 2.42718e-06
5.58252e-06 3.39806e-06 4.12621e-06 5.09709e-06 6.31068e-06 5.09709e-06 5.09709e-06 5.58252e-06 5.82524e-06 3.88350e-06
2.91262e-06 1.69903e-06 3.88350e-06 4.85437e-06 5.58252e-06 5.58252e-06 5.33981e-06 5.58252e-06 4.61165e-06 5.33981e-06
3.15534e-06 1.21359e-06 2.91262e-06 4.36893e-06 3.39806e-06 3.88350e-06 5.58252e-06 4.36893e-06 3.15534e-06 4.12621e-06
2.66990e-06 2.18447e-06 7.28155e-07 1.45631e-06 2.66990e-06 1.69903e-06 1.94175e-06 9.70874e-07 1.69903e-06 2.91262e-06
2.66990e-06 2.42718e-06 2.66990e-06 1.21359e-06 2.42718e-06 1.21359e-06 1.45631e-06 1.94175e-06 1.94175e-06 2.18447e-06
3.64078e-06 2.91262e-06 1.21359e-06 1.21359e-06 1.94175e-06 2.42718e-06 1.94175e-06 7.28155e-07 1.21359e-06 2.18447e-06
2.42718e-06 3.15534e-06 2.18447e-06 1.21359e-06 1.21359e-06 1.69903e-06 2.18447e-06 1.21359e-06 1.69903e-06 2.18447e-06
2.42718e-06 1.45631e-06 3.39806e-06 1.94175e-06 2.66990e-06 9.70874e-07 1.69903e-06 1.94175e-06 1.45631e-06 2.66990e-06
3.39806e-06 9.70874e-07 9.70874e-07 1.21359e-06 2.18447e-06 1.69903e-06 1.69903e-06 1.69903e-06 3.15534e-06 1.69903e-06
4.12621e-06 3.15534e-06 2.66990e-06 1.69903e-06 1.45631e-06 9.70874e-07 2.18447e-06 2.66990e-06 2.18447e-06 3.64078e-06
3.15534e-06 1.94175e-06 2.91262e-06 2.66990e-06 2.91262e-06 1.21359e-06 1.69903e-06 3.64078e-06 2.42718e-06 2.42718e-06
3.64078e-06 2.42718e-06 2.91262e-06 3.64078e-06 1.94175e-06 1.45631e-06 1.45631e-06 1.94175e-06 1.45631e-06 2.18447e-06
5.82524e-06 3.88350e-06 4.36893e-06 5.82524e-06 3.88350e-06 2.91262e-06 4.61165e-06 4.85437e-06 5.58252e-06 5.09709e-06
5.33981e-06 4.36893e-06 4.36893e-06 3.88350e-06 3.39806e-06 4.12621e-06 3.88350e-06 3.39806e-06 5.33981e-06 6.55340e-06
7.03883e-06 3.88350e-06 2.91262e-06 4.36893e-06 4.12621e-06 6.06796e-06 4.85437e-06 4.61165e-06 3.88350e-06 6.06796e-06
4.36893e-06 2.18447e-06 2.18447e-06 1.45631e-06 1.21359e-06 2.18447e-06 2.18447e-06 2.18447e-06 1.45631e-06 4.12621e-06
2.66990e-06 2.66990e-06 1.21359e-06 1.21359e-06 1.21359e-06 1.69903e-06 1.69903e-06 1.94175e-06 2.42718e-06 3.15534e-06
3.15534e-06 3.15534e-06 2.18447e-06 1.21359e-06 2.18447e-06 1.45631e-06 2.42718e-07 2.42718e-06 1.69903e-06 4.36893e-06
2.66990e-06 2.91262e-06 2.18447e-06 1.69903e-06 2.91262e-06 7.28155e-07 1.21359e-06 1.94175e-06 2.42718e-06 1.94175e-06
4.85437e-06 4.12621e-06 1.94175e-06 1.69903e-06 2.66990e-06 1.45631e-06 1.94175e-06 2.42718e-06 3.15534e-06 3.64078e-06
4.12621e-06 3.64078e-06 2.18447e-06 1.94175e-06 1.94175e-06 1.45631e-06 2.91262e-06 2.18447e-06 2.18447e-06 4.12621e-06
5.82524e-06 2.66990e-06 1.69903e-06 1.45631e-06 9.70874e-07 1.45631e-06 2.18447e-06 2.42718e-06 2.66990e-06 3.64078e-06
2.66990e-06 1.45631e-06 1.45631e-06 2.91262e-06 2.18447e-06 1.45631e-06 2.42718e-06 3.88350e-06 4.36893e-06 3.88350e-06
1.69903e-06 2.66990e-06 2.18447e-06 1.94175e-06 2.91262e-06 3.88350e-06 1.69903e-06 2.91262e-06 3.64078e-06 1.94175e-06
3.39806e-06 4.61165e-06 4.61165e-06 3.88350e-06 5.58252e-06 4.61165e-06 3.88350e-06 6.31068e-06 5.33981e-06 7.03883e-06
5.33981e-06 3.88350e-06 2.66990e-06 4.61165e-06 4.12621e-06 4.12621e-06 3.15534e-06 4.85437e-06 4.61165e-06 6.06796e-06
6.79612e-06 4.36893e-06 2.66990e-06 3.39806e-06 4.36893e-06 3.88350e-06 5.09709e-06 3.64078e-06 4.61165e-06 4.61165e-06
4.12621e-06 2.42718e-06 2.18447e-06 1.45631e-06 1.69903e-06 2.18447e-06 1.94175e-06 9.70874e-07 2.91262e-06 2.42718e-06
5.09709e-06 1.94175e-06 2.66990e-06 3.39806e-06 1.69903e-06 1.45631e-06 2.42718e-06 1.45631e-06 3.39806e-06 3.15534e-06
4.61165e-06 1.69903e-06 2.18447e-06 2.42718e-06 1.21359e-06 9.70874e-07 1.69903e-06 2.91262e-06 2.18447e-06 3.64078e-06
3.39806e-06 1.21359e-06 1.21359e-06 2.42718e-06 1.94175e-06 1.94175e-06 2.66990e-06 2.18447e-06 1.94175e-06 3.88350e-06
2.91262e-06 1.69903e-06 1.94175e-06 4.85437e-07 1.45631e-06 9.70874e-07 2.66990e-06 1.21359e-06 1.94175e-06 2.66990e-06
3.88350e-06 2.18447e-06 7.28155e-07 1.21359e-06 4.85437e-07 9.70874e-07 2.18447e-06 1.69903e-06 2.18447e-06 4.36893e-06
4.36893e-06 3.15534e-06 1.69903e-06 2.18447e-06 1.94175e-06 2.66990e-06 3.64078e-06 1.69903e-06 2.91262e-06 3.64078e-06
3.15534e-06 4.12621e-06 2.66990e-06 2.18447e-06 1.94175e-06 2.66990e-06 3.15534e-06 2.42718e-06 2.91262e-06 3.64078e-06
4.85437e-06 3.88350e-06 1.69903e-06 2.91262e-06 2.42718e-06 2.42718e-06 2.42718e-06 2.18447e-06 1.69903e-06 3.39806e-06
6.55340e-06 7.76699e-06 6.55340e-06 6.31068e-06 5.82524e-06 3.64078e-06 4.12621e-06 5.82524e-06 4.85437e-06 7.28155e-06
5.33981e-06 5.58252e-06 4.85437e-06 4.61165e-06 2.66990e-06 3.15534e-06 3.88350e-06 5.82524e-06 4.36893e-06 5.09709e-06
8.25243e-06 3.88350e-06 5.58252e-06 7.52427e-06 4.61165e-06 4.85437e-06 3.64078e-06 6.06796e-06 5.33981e-06 7.28155e-06
3.39806e-06 1.69903e-06 1.94175e-06 4.12621e-06 1.94175e-06 1.45631e-06 2.18447e-06 1.69903e-06 2.66990e-06 2.42718e-06
2.91262e-06 2.42718e-06 2.18447e-06 2.91262e-06 1.69903e-06 1.69903e-06 2.91262e-06 1.69903e-06 1.21359e-06 2.42718e-06
3.39806e-06 3.39806e-06 2.42718e-06 4.36893e-06 2.18447e-06 1.69903e-06 1.69903e-06 1.45631e-06 2.18447e-06 2.66990e-06
2.91262e-06 2.18447e-06 2.42718e-06 2.66990e-06 9.70874e-07 1.45631e-06 2.18447e-06 1.69903e-06 2.66990e-06 2.66990e-06
3.88350e-06 3.15534e-06 2.18447e-06 2.66990e-06 2.18447e-06 9.70874e-07 1.69903e-06 1.69903e-06 2.42718e-06 2.91262e-06
4.12621e-06 2.18447e-06 1.94175e-06 1.45631e-06 1.94175e-06 1.21359e-06 2.66990e-06 1.45631e-06 2.42718e-06 3.39806e-06
3.88350e-06 1.69903e-06 2.18447e-06 1.69903e-06 1.45631e-06 4.85437e-07 2.91262e-06 2.18447e-06 1.94175e-06 3.39806e-06
3.15534e-06 2.18447e-06 1.94175e-06 1.69903e-06 7.28155e-07 1.21359e-06 1.45631e-06 2.42718e-06 2.18447e-06 3.88350e-06
1.69903e-06 2.91262e-06 1.94175e-06 2.18447e-06 2.42718e-06 2.42718e-07 9.70874e-07 1.69903e-06 3.39806e-06 4.36893e-06
5.09709e-06 6.06796e-06 4.85437e-06 1.94175e-06 3.39806e-06 3.88350e-06 4.36893e-06 4.12621e-06 7.03883e-06 7.52427e-06
5.09709e-06 3.15534e-06 6.31068e-06 5.09709e-06 4.85437e-06 4.85437e-06 3.88350e-06 3.64078e-06 6.55340e-06 5.09709e-06
4.85437e-06 6.31068e-06 5.82524e-06 5.58252e-06 4.85437e-06 5.09709e-06 3.15534e-06 6.06796e-06 6.55340e-06 6.31068e-06
1.94175e-06 1.69903e-06 2.42718e-06 1.69903e-06 2.66990e-06 1.94175e-06 1.69903e-06 2.91262e-06 3.39806e-06 3.15534e-06
1.69903e-06 2.42718e-06 2.91262e-06 2.66990e-06 2.42718e-06 1.94175e-06 1.94175e-06 2.42718e-06 1.45631e-06 2.91262e-06
1.94175e-06 2.18447e-06 7.28155e-07 2.42718e-06 1.94175e-06 1.94175e-06 2.18447e-06 1.94175e-06 1.69903e-06 3.15534e-06
1.69903e-06 2.42718e-06 1.69903e-06 2.42718e-06 1.45631e-06 1.21359e-06 1.94175e-06 1.69903e-06 2.91262e-06 3.39806e-06
3.39806e-06 1.94175e-06 1.94175e-06 2.18447e-06 2.42718e-07 2.91262e-06 3.64078e-06 2.91262e-06 3.39806e-06 1.45631e-06
4.85437e-06 1.94175e-06 1.45631e-06 1.45631e-06 1.69903e-06 2.18447e-06 1.69903e-06 2.42718e-06 3.39806e-06 3.39806e-06
4.12621e-06 2.91262e-06 1.45631e-06 4.85437e-07 1.69903e-06 1.69903e-06 2.42718e-06 2.18447e-06 3.64078e-06 3.88350e-06
4.12621e-06 2.66990e-06 2.66990e-06 1.94175e-06 2.18447e-06 1.21359e-06 2.18447e-06 2.18447e-06 1.94175e-06 3.64078e-06
2.18447e-06 2.42718e-06 1.69903e-06 9.70874e-07 1.94175e-06 1.94175e-06 1.94175e-06 2.18447e-06 3.88350e-06 4.36893e-06
6.06796e-06 3.64078e-06 3.88350e-06 3.39806e-06 5.33981e-06 6.55340e-06 6.55340e-06 4.36893e-06 5.33981e-06 7.76699e-06
8.49515e-06 4.12621e-06 3.64078e-06 6.06796e-06 3.88350e-06 4.85437e-06 5.82524e-06 5.33981e-06 4.36893e-06 4.36893e-06
8.25243e-06 6.55340e-06 3.88350e-06 5.58252e-06 3.39806e-06 6.06796e-06 6.06796e-06 5.58252e-06 5.09709e-06 6.79612e-06
2.66990e-06 3.15534e-06 2.91262e-06 2.42718e-06 3.15534e-06 1.94175e-06 2.18447e-06 1.94175e-06 2.18447e-06 3.15534e-06
5.58252e-06 1.94175e-06 2.18447e-06 2.18447e-06 2.91262e-06 2.18447e-06 2.18447e-06 2.18447e-06 2.42718e-06 3.15534e-06
4.85437e-06 1.69903e-06 1.69903e-06 1.94175e-06 1.94175e-06 3.15534e-06 1.94175e-06 1.94175e-06 2.91262e-06 4.85437e-06
3.39806e-06 1.45631e-06 1.21359e-06 2.42718e-06 2.91262e-06 2.91262e-06 2.66990e-06 2.66990e-06 3.15534e-06 4.36893e-06
3.39806e-06 3.64078e-06 2.42718e-06 2.18447e-06 1.69903e-06 2.66990e-06 2.18447e-06 2.91262e-06 9.70874e-07 2.18447e-06
2.91262e-06 2.18447e-06 3.39806e-06 1.69903e-06 1.21359e-06 2.42718e-06 2.66990e-06 1.69903e-06 1.69903e-06 2.66990e-06
2.18447e-06 1.45631e-06 2.18447e-06 1.94175e-06 3.39806e-06 1.21359e-06 1.21359e-06 1.69903e-06 1.21359e-06 2.42718e-06
3.15534e-06 3.15534e-06 3.39806e-06 2.42718e-06 1.45631e-06 2.18447e-06 1.21359e-06 2.66990e-06 2.42718e-06 1.94175e-06
5.58252e-06 2.91262e-06 1.94175e-06 1.94175e-06 1.94175e-06 3.15534e-06 1.94175e-06 2.66990e-06 3.64078e-06 1.94175e-06
5.33981e-06 4.85437e-07 7.28155e-07 1.94175e-06 3.64078e-06 1.69903e-06 2.18447e-06 2.66990e-06 3.39806e-06 4.12621e-06
4.36893e-06 2.66990e-06 2.18447e-06 1.94175e-06 2.18447e-06 1.45631e-06 3.64078e-06 3.39806e-06 2.91262e-06 3.39806e-06
5.33981e-06 1.94175e-06 7.28155e-07 2.66990e-06 2.18447e-06 1.69903e-06 5.33981e-06 3.39806e-06 4.12621e-06 6.31068e-06
5.33981e-06 2.18447e-06 7.28155e-07 3.39806e-06 1.69903e-06 2.18447e-06 2.42718e-06 2.18447e-06 2.66990e-06 3.64078e-06
4.36893e-06 2.42718e-06 2.18447e-06 2.66990e-06 3.39806e-06 2.66990e-06 3.15534e-06 3.39806e-06 3.15534e-06 5.09709e-06
4.12621e-06 5.58252e-06 3.64078e-06 3.39806e-06 3.64078e-06 3.15534e-06 3.88350e-06 5.09709e-06 4.85437e-06 7.76699e-06
