7.84167e-06 6.34802e-06 5.97461e-06 1.86706e-06 2.24048e-06 3.73413e-06 3.73413e-06 2.98730e-06 3.36072e-06 2.61389e-06 5.97461e-06 7.84167e-06 4.10754e-06 5.97461e-06 5.97461e-06 4.10754e-06 5.97461e-06 2.61389e-06 2.61389e-06 2.61389e-06 4.85437e-06 4.10754e-06 2.98730e-06 6.72143e-06 6.34802e-06 4.10754e-06 7.09485e-06 4.85437e-06 4.48096e-06 5.97461e-06
5.60119e-06 2.24048e-06 3.36072e-06 2.98730e-06 2.24048e-06 2.61389e-06 1.86706e-06 2.61389e-06 2.61389e-06 5.22778e-06 4.85437e-06 5.97461e-06 5.97461e-06 4.85437e-06 6.34802e-06 4.10754e-06 3.36072e-06 2.98730e-06 3.36072e-06 2.98730e-06 2.98730e-06 4.85437e-06 2.98730e-06 3.36072e-06 2.24048e-06 3.73413e-06 4.85437e-06 2.98730e-06 1.86706e-06 4.10754e-06
6.34802e-06 4.10754e-06 4.48096e-06 3.36072e-06 3.36072e-06 3.36072e-06 3.36072e-06 4.10754e-06 2.61389e-06 2.24048e-06 2.98730e-06 2.98730e-06 4.85437e-06 2.61389e-06 7.09485e-06 6.34802e-06 3.36072e-06 2.61389e-06 3.73413e-06 4.48096e-06 4.48096e-06 3.36072e-06 3.36072e-06 1.86706e-06 2.61389e-06 2.61389e-06 1.49365e-06 1.49365e-06 3.36072e-06 4.48096e-06
2.61389e-06 2.24048e-06 1.49365e-06 1.12024e-06 1.49365e-06 7.46826e-07 2.24048e-06 1.49365e-06 1.49365e-06 1.49365e-06 1.49365e-06 1.86706e-06 7.46826e-07 7.46826e-07 1.49365e-06 3.36072e-06 7.46826e-07 1.49365e-06 7.46826e-07 1.12024e-06 1.86706e-06 1.49365e-06 1.86706e-06 1.12024e-06 7.46826e-07 3.73413e-07 7.46826e-07 7.46826e-07 2.24048e-06 3.73413e-06
1.86706e-06 1.49365e-06 1.12024e-06 3.73413e-07 7.46826e-07 1.86706e-06 1.86706e-06 2.24048e-06 1.49365e-06 7.46826e-07 3.73413e-07 0.00000e+00 7.46826e-07 1.86706e-06 1.49365e-06 7.46826e-07 7.46826e-07 3.73413e-07 7.46826e-07 1.86706e-06 1.86706e-06 1.86706e-06 3.73413e-07 1.86706e-06 7.46826e-07 1.12024e-06 1.12024e-06 1.49365e-06 1.12024e-06 2.24048e-06
2.24048e-06 1.12024e-06 1.49365e-06 7.46826e-07 3.73413e-07 1.86706e-06 1.12024e-06 7.46826e-07 7.46826e-07 7.46826e-07 7.46826e-07 1.86706e-06 2.61389e-06 1.12024e-06 1.86706e-06 1.12024e-06 1.49365e-06 1.12024e-06 1.49365e-06 7.46826e-07 1.12024e-06 3.36072e-06 2.98730e-06 1.49365e-06 1.49365e-06 7.46826e-07 1.49365e-06 1.49365e-06 7.46826e-07 2.24048e-06
1.49365e-06 1.86706e-06 1.12024e-06 1.12024e-06 3.73413e-07 7.46826e-07 7.46826e-07 2.24048e-06 1.49365e-06 7.46826e-07 1.12024e-06 1.86706e-06 2.24048e-06 1.49365e-06 3.73413e-07 3.73413e-07 1.12024e-06 1.86706e-06 7.46826e-07 1.49365e-06 7.46826e-07 1.49365e-06 1.49365e-06 1.86706e-06 2.24048e-06 2.61389e-06 2.61389e-06 1.86706e-06 1.86706e-06 1.86706e-06
1.12024e-06 1.86706e-06 7.46826e-07 7.46826e-07 7.46826e-07 2.24048e-06 2.24048e-06 1.12024e-06 1.86706e-06 2.24048e-06 7.46826e-07 1.49365e-06 1.49365e-06 1.86706e-06 7.46826e-07 3.73413e-07 7.46826e-07 1.12024e-06 1.86706e-06 2.24048e-06 1.49365e-06 1.12024e-06 1.49365e-06 1.12024e-06 1.12024e-06 1.49365e-06 7.46826e-07 7.46826e-07 1.12024e-06 1.86706e-06
2.98730e-06 2.24048e-06 7.46826e-07 1.86706e-06 7.46826e-07 3.73413e-07 2.98730e-06 7.46826e-07 1.49365e-06 1.86706e-06 7.46826e-07 1.12024e-06 1.86706e-06 7.46826e-07 0.00000e+00 7.46826e-07 0.00000e+00 3.73413e-07 1.12024e-06 2.98730e-06 1.49365e-06 3.73413e-07 1.12024e-06 3.73413e-07 7.46826e-07 7.46826e-07 1.12024e-06 1.12024e-06 3.73413e-07 1.49365e-06
3.36072e-06 2.61389e-06 3.36072e-06 1.86706e-06 1.12024e-06 1.12024e-06 7.46826e-07 1.12024e-06 1.49365e-06 2.61389e-06 2.24048e-06 1.49365e-06 3.73413e-07 1.86706e-06 7.46826e-07 3.73413e-07 1.49365e-06 1.12024e-06 1.49365e-06 3.36072e-06 2.61389e-06 1.12024e-06 1.49365e-06 7.46826e-07 1.12024e-06 0.00000e+00 3.73413e-07 1.86706e-06 1.86706e-06 3.73413e-06
4.10754e-06 1.86706e-06 7.46826e-07 3.73413e-07 7.46826e-07 3.73413e-07 0.00000e+00 0.00000e+00 3.73413e-07 1.12024e-06 7.46826e-07 3.73413e-07 1.12024e-06 1.86706e-06 1.12024e-06 1.49365e-06 1.49365e-06 1.86706e-06 3.73413e-07 1.12024e-06 1.49365e-06 1.49365e-06 1.49365e-06 1.12024e-06 1.12024e-06 2.24048e-06 1.86706e-06 2.24048e-06 2.98730e-06 4.48096e-06
5.60119e-06 2.98730e-06 1.12024e-06 1.86706e-06 0.00000e+00 7.46826e-07 3.73413e-07 7.46826e-07 7.46826e-07 7.46826e-07 1.12024e-06 1.86706e-06 1.86706e-06 1.86706e-06 1.12024e-06 1.86706e-06 1.12024e-06 1.86706e-06 1.86706e-06 1.86706e-06 2.24048e-06 1.49365e-06 0.00000e+00 7.46826e-07 3.36072e-06 7.46826e-07 3.73413e-07 1.49365e-06 1.86706e-06 1.49365e-06
6.34802e-06 5.22778e-06 3.73413e-06 3.36072e-06 7.46826e-07 1.49365e-06 2.24048e-06 1.49365e-06 2.61389e-06 2.61389e-06 2.98730e-06 2.61389e-06 2.61389e-06 1.49365e-06 2.98730e-06 4.48096e-06 3.36072e-06 4.10754e-06 2.98730e-06 2.98730e-06 2.24048e-06 4.10754e-06 5.60119e-06 5.60119e-06 3.73413e-06 2.98730e-06 3.36072e-06 5.97461e-06 4.85437e-06 5.60119e-06
7.09485e-06 4.85437e-06 2.61389e-06 3.36072e-06 1.12024e-06 2.98730e-06 1.86706e-06 1.86706e-06 2.24048e-06 2.24048e-06 4.10754e-06 2.61389e-06 1.86706e-06 3.36072e-06 4.10754e-06 4.85437e-06 4.48096e-06 4.48096e-06 1.86706e-06 4.48096e-06 2.24048e-06 4.10754e-06 4.10754e-06 6.34802e-06 2.61389e-06 2.98730e-06 4.48096e-06 4.85437e-06 4.10754e-06 5.60119e-06
7.46826e-06 2.98730e-06 4.48096e-06 3.36072e-06 1.12024e-06 1.86706e-06 1.49365e-06 2.24048e-06 2.98730e-06 3.73413e-06 4.85437e-06 4.10754e-06 2.61389e-06 3.73413e-06 2.61389e-06 3.36072e-06 4.10754e-06 4.48096e-06 4.10754e-06 4.10754e-06 1.49365e-06 1.86706e-06 3.36072e-06 3.36072e-06 4.10754e-06 3.36072e-06 5.22778e-06 3.73413e-06 2.98730e-06 6.34802e-06
3.36072e-06 1.86706e-06 7.46826e-07 1.12024e-06 1.12024e-06 1.12024e-06 7.46826e-07 7.46826e-07 7.46826e-07 2.98730e-06 3.36072e-06 2.98730e-06 1.49365e-06 7.46826e-07 7.46826e-07 1.12024e-06 2.61389e-06 2.61389e-06 1.86706e-06 7.46826e-07 1.49365e-06 7.46826e-07 1.49365e-06 7.46826e-07 3.36072e-06 2.24048e-06 1.49365e-06 1.49365e-06 1.49365e-06 3.73413e-06
2.61389e-06 2.98730e-06 1.12024e-06 1.12024e-06 1.49365e-06 3.73413e-07 1.49365e-06 1.86706e-06 7.46826e-07 1.12024e-06 1.12024e-06 1.12024e-06 1.12024e-06 1.49365e-06 1.49365e-06 1.49365e-06 2.98730e-06 2.24048e-06 1.49365e-06 1.12024e-06 0.00000e+00 1.12024e-06 7.46826e-07 0.00000e+00 1.12024e-06 1.49365e-06 1.49365e-06 7.46826e-07 1.49365e-06 1.86706e-06
3.36072e-06 1.49365e-06 3.73413e-07 7.46826e-07 1.12024e-06 3.73413e-07 1.49365e-06 1.12024e-06 3.73413e-07 7.46826e-07 3.73413e-07 1.49365e-06 1.49365e-06 1.12024e-06 2.98730e-06 1.49365e-06 0.00000e+00 1.49365e-06 2.61389e-06 1.49365e-06 7.46826e-07 1.49365e-06 1.86706e-06 7.46826e-07 3.73413e-07 7.46826e-07 3.73413e-07 7.46826e-07 2.61389e-06 3.36072e-06
1.12024e-06 1.49365e-06 3.73413e-07 1.49365e-06 0.00000e+00 3.73413e-07 1.49365e-06 1.12024e-06 0.00000e+00 7.46826e-07 1.12024e-06 3.73413e-07 1.12024e-06 3.73413e-07 2.24048e-06 2.98730e-06 1.49365e-06 1.86706e-06 1.86706e-06 1.12024e-06 7.46826e-07 3.73413e-07 0.00000e+00 3.73413e-07 3.73413e-07 7.46826e-07 7.46826e-07 1.12024e-06 1.12024e-06 2.61389e-06
2.61389e-06 2.24048e-06 7.46826e-07 1.12024e-06 7.46826e-07 1.86706e-06 1.86706e-06 7.46826e-07 1.49365e-06 1.12024e-06 2.24048e-06 1.49365e-06 7.46826e-07 7.46826e-07 1.12024e-06 1.86706e-06 1.12024e-06 7.46826e-07 1.12024e-06 3.73413e-07 0.00000e+00 3.73413e-07 7.46826e-07 2.24048e-06 7.46826e-07 3.73413e-07 7.46826e-07 1.12024e-06 1.49365e-06 1.86706e-06
2.24048e-06 7.46826e-07 3.73413e-07 1.12024e-06 1.86706e-06 1.49365e-06 1.86706e-06 1.12024e-06 7.46826e-07 0.00000e+00 3.73413e-07 7.46826e-07 2.61389e-06 7.46826e-07 7.46826e-07 1.86706e-06 7.46826e-07 1.12024e-06 0.00000e+00 3.73413e-07 3.73413e-07 1.12024e-06 1.12024e-06 3.73413e-07 3.73413e-07 1.49365e-06 1.86706e-06 2.24048e-06 1.49365e-06 2.61389e-06
1.49365e-06 3.73413e-07 1.12024e-06 1.86706e-06 1.12024e-06 7.46826e-07 1.86706e-06 1.12024e-06 1.12024e-06 1.49365e-06 2.61389e-06 1.12024e-06 3.73413e-07 3.73413e-07 2.24048e-06 1.12024e-06 1.12024e-06 1.12024e-06 3.73413e-07 3.73413e-07 7.46826e-07 3.73413e-07 1.49365e-06 1.12024e-06 7.46826e-07 1.49365e-06 7.46826e-07 1.12024e-06 7.46826e-07 3.36072e-06
2.61389e-06 3.36072e-06 2.24048e-06 1.12024e-06 1.86706e-06 7.46826e-07 1.12024e-06 7.46826e-07 1.12024e-06 2.24048e-06 1.49365e-06 1.49365e-06 1.12024e-06 2.61389e-06 1.49365e-06 0.00000e+00 1.12024e-06 2.24048e-06 7.46826e-07 7.46826e-07 1.12024e-06 1.49365e-06 1.12024e-06 1.12024e-06 1.49365e-06 1.86706e-06 1.86706e-06 7.46826e-07 1.12024e-06 3.36072e-06
2.98730e-06 1.86706e-06 1.86706e-06 7.46826e-07 2.24048e-06 3.36072e-06 1.12024e-06 7.46826e-07 1.12024e-06 2.61389e-06 1.49365e-06 1.12024e-06 1.86706e-06 2.24048e-06 3.73413e-07 0.00000e+00 1.12024e-06 3.73413e-07 1.49365e-06 1.86706e-06 1.12024e-06 1.86706e-06 1.12024e-06 1.86706e-06 2.61389e-06 1.49365e-06 1.12024e-06 1.12024e-06 1.86706e-06 3.36072e-06
4.10754e-06 1.12024e-06 2.61389e-06 3.36072e-06 3.36072e-06 2.61389e-06 1.12024e-06 7.46826e-07 1.86706e-06 4.10754e-06 3.73413e-06 2.98730e-06 2.61389e-06 4.85437e-06 1.49365e-06 1.49365e-06 2.98730e-06 2.98730e-06 2.98730e-06 4.48096e-06 4.48096e-06 2.98730e-06 2.24048e-06 2.61389e-06 4.48096e-06 4.10754e-06 3.73413e-06 2.61389e-06 2.98730e-06 4.48096e-06
4.48096e-06 2.24048e-06 4.48096e-06 3.36072e-06 5.22778e-06 2.98730e-06 3.36072e-06 2.61389e-06 2.24048e-06 2.61389e-06 7.46826e-07 3.73413e-06 4.10754e-06 2.61389e-06 3.36072e-06 2.24048e-06 4.48096e-06 3.73413e-06 1.86706e-06 3.36072e-06 3.36072e-06 3.36072e-06 2.24048e-06 3.73413e-06 3.36072e-06 2.61389e-06 3.73413e-06 1.86706e-06 2.61389e-06 4.10754e-06
7.09485e-06 3.36072e-06 3.36072e-06 4.10754e-06 5.22778e-06 4.85437e-06 3.73413e-06 1.49365e-06 2.24048e-06 1.86706e-06 2.61389e-06 3.73413e-06 5.60119e-06 3.73413e-06 3.36072e-06 2.61389e-06 2.24048e-06 3.36072e-06 4.10754e-06 4.85437e-06 1.86706e-06 3.36072e-06 4.48096e-06 3.73413e-06 3.73413e-06 3.73413e-06 3.36072e-06 4.10754e-06 3.73413e-06 3.73413e-06
3.36072e-06 1.86706e-06 7.46826e-07 2.24048e-06 2.24048e-06 2.61389e-06 1.12024e-06 1.12024e-06 7.46826e-07 7.46826e-07 7.46826e-07 3.73413e-07 1.12024e-06 1.86706e-06 7.46826e-07 7.46826e-07 1.12024e-06 1.86706e-06 1.12024e-06 1.86706e-06 1.49365e-06 1.12024e-06 1.12024e-06 1.12024e-06 1.86706e-06 7.46826e-07 0.00000e+00 7.46826e-07 7.46826e-07 1.86706e-06
2.24048e-06 1.86706e-06 2.61389e-06 1.49365e-06 7.46826e-07 1.12024e-06 2.98730e-06 1.49365e-06 7.46826e-07 1.86706e-06 2.24048e-06 1.12024e-06 7.46826e-07 7.46826e-07 1.86706e-06 3.36072e-06 1.86706e-06 7.46826e-07 1.12024e-06 1.49365e-06 2.24048e-06 7.46826e-07 7.46826e-07 1.49365e-06 7.46826e-07 3.73413e-07 3.73413e-07 3.73413e-07 1.12024e-06 2.24048e-06
3.36072e-06 1.49365e-06 1.49365e-06 1.12024e-06 1.49365e-06 7.46826e-07 1.86706e-06 2.61389e-06 7.46826e-07 1.12024e-06 1.86706e-06 1.86706e-06 7.46826e-07 1.12024e-06 1.86706e-06 1.86706e-06 2.24048e-06 1.86706e-06 7.46826e-07 3.73413e-07 1.12024e-06 1.86706e-06 1.12024e-06 1.12024e-06 1.12024e-06 1.49365e-06 7.46826e-07 2.24048e-06 1.12024e-06 4.10754e-06
2.61389e-06 3.73413e-07 1.49365e-06 1.12024e-06 1.86706e-06 3.73413e-07 3.73413e-07 1.12024e-06 3.73413e-07 7.46826e-07 1.12024e-06 1.49365e-06 1.49365e-06 1.12024e-06 1.49365e-06 7.46826e-07 1.12024e-06 7.46826e-07 1.12024e-06 1.12024e-06 7.46826e-07 1.49365e-06 3.73413e-07 7.46826e-07 1.49365e-06 1.49365e-06 7.46826e-07 7.46826e-07 1.12024e-06 1.49365e-06
2.24048e-06 1.12024e-06 2.61389e-06 2.61389e-06 1.12024e-06 7.46826e-07 7.46826e-07 3.73413e-07 3.73413e-07 7.46826e-07 1.12024e-06 1.12024e-06 3.73413e-07 7.46826e-07 1.49365e-06 7.46826e-07 7.46826e-07 1.49365e-06 0.00000e+00 7.46826e-07 7.46826e-07 1.12024e-06 2.24048e-06 1.49365e-06 1.49365e-06 3.73413e-07 7.46826e-07 2.24048e-06 1.49365e-06 1.12024e-06
1.86706e-06 0.00000e+00 1.12024e-06 1.49365e-06 3.73413e-07 1.12024e-06 1.12024e-06 1.12024e-06 0.00000e+00 0.00000e+00 7.46826e-07 1.49365e-06 0.00000e+00 7.46826e-07 1.49365e-06 3.73413e-07 7.46826e-07 3.73413e-07 1.12024e-06 3.73413e-07 1.12024e-06 7.46826e-07 3.73413e-07 7.46826e-07 2.98730e-06 2.61389e-06 1.12024e-06 7.46826e-07 1.49365e-06 7.46826e-07
2.24048e-06 7.46826e-07 1.12024e-06 2.24048e-06 3.73413e-07 1.12024e-06 1.12024e-06 7.46826e-07 1.12024e-06 7.46826e-07 3.73413e-07 7.46826e-07 7.46826e-07 3.73413e-07 7.46826e-07 1.49365e-06 1.12024e-06 3.73413e-07 7.46826e-07 7.46826e-07 0.00000e+00 3.73413e-07 3.73413e-07 3.73413e-07 7.46826e-07 7.46826e-07 1.49365e-06 7.46826e-07 7.46826e-07 2.24048e-06
1.86706e-06 7.46826e-07 1.49365e-06 2.24048e-06 7.46826e-07 1.49365e-06 3.73413e-07 7.46826e-07 0.00000e+00 7.46826e-07 1.12024e-06 7.46826e-07 3.73413e-07 1.12024e-06 3.73413e-07 1.12024e-06 1.12024e-06 1.12024e-06 7.46826e-07 1.12024e-06 1.12024e-06 1.12024e-06 3.73413e-07 0.00000e+00 7.46826e-07 3.73413e-07 1.49365e-06 1.49365e-06 1.49365e-06 2.24048e-06
2.61389e-06 7.46826e-07 1.12024e-06 7.46826e-07 1.86706e-06 3.73413e-07 7.46826e-07 2.61389e-06 1.86706e-06 7.46826e-07 0.00000e+00 0.00000e+00 3.73413e-07 1.49365e-06 7.46826e-07 1.12024e-06 2.61389e-06 1.12024e-06 1.12024e-06 7.46826e-07 7.46826e-07 7.46826e-07 3.73413e-07 3.73413e-07 1.49365e-06 1.49365e-06 1.12024e-06 1.12024e-06 1.49365e-06 2.24048e-06
2.61389e-06 4.10754e-06 4.48096e-06 2.98730e-06 1.86706e-06 1.86706e-06 3.73413e-06 3.36072e-06 1.86706e-06 2.98730e-06 2.24048e-06 2.61389e-06 1.86706e-06 1.49365e-06 1.86706e-06 2.24048e-06 7.46826e-07 2.98730e-06 2.24048e-06 7.46826e-07 2.98730e-06 3.73413e-06 4.10754e-06 2.98730e-06 2.98730e-06 2.98730e-06 3.36072e-06 4.85437e-06 4.85437e-06 5.97461e-06
2.98730e-06 4.48096e-06 4.10754e-06 4.85437e-06 4.85437e-06 3.73413e-06 2.24048e-06 3.36072e-06 2.61389e-06 3.36072e-06 2.24048e-06 1.86706e-06 1.86706e-06 3.36072e-06 2.24048e-06 2.98730e-06 1.86706e-06 2.61389e-06 2.98730e-06 2.98730e-06 2.98730e-06 1.86706e-06 3.36072e-06 2.24048e-06 3.73413e-06 2.24048e-06 2.98730e-06 3.73413e-06 4.10754e-06 3.36072e-06
5.60119e-06 2.98730e-06 3.36072e-06 5.22778e-06 3.36072e-06 3.73413e-06 2.24048e-06 2.61389e-06 3.36072e-06 3.36072e-06 2.61389e-06 2.98730e-06 2.61389e-06 3.73413e-06 4.48096e-06 2.61389e-06 1.12024e-06 2.98730e-06 1.12024e-06 1.12024e-06 3.73413e-06 3.73413e-06 2.24048e-06 3.73413e-06 2.24048e-06 2.98730e-06 3.36072e-06 4.10754e-06 3.73413e-06 5.60119e-06
3.36072e-06 1.49365e-06 2.24048e-06 3.36072e-06 1.12024e-06 1.49365e-06 7.46826e-07 1.86706e-06 1.86706e-06 3.73413e-07 0.00000e+00 1.49365e-06 7.46826e-07 1.86706e-06 1.12024e-06 0.00000e+00 0.00000e+00 7.46826e-07 1.12024e-06 7.46826e-07 3.73413e-07 1.12024e-06 0.00000e+00 3.73413e-07 0.00000e+00 3.73413e-07 1.49365e-06 7.46826e-07 3.36072e-06 2.98730e-06
4.48096e-06 7.46826e-07 1.86706e-06 2.61389e-06 2.61389e-06 2.98730e-06 7.46826e-07 3.73413e-07 3.73413e-07 0.00000e+00 7.46826e-07 1.12024e-06 1.12024e-06 7.46826e-07 7.46826e-07 3.73413e-07 1.49365e-06 3.36072e-06 7.46826e-07 3.73413e-07 3.73413e-07 7.46826e-07 1.12024e-06 1.49365e-06 7.46826e-07 3.73413e-07 7.46826e-07 1.12024e-06 1.49365e-06 2.61389e-06
3.36072e-06 1.86706e-06 3.73413e-07 0.00000e+00 3.73413e-07 7.46826e-07 1.12024e-06 3.73413e-07 3.73413e-07 1.12024e-06 1.49365e-06 1.86706e-06 1.86706e-06 7.46826e-07 1.49365e-06 2.24048e-06 2.24048e-06 2.24048e-06 1.12024e-06 7.46826e-07 3.73413e-07 1.12024e-06 1.49365e-06 1.49365e-06 1.49365e-06 2.24048e-06 2.24048e-06 1.86706e-06 7.46826e-07 2.24048e-06
1.86706e-06 1.49365e-06 7.46826e-07 7.46826e-07 1.12024e-06 7.46826e-07 7.46826e-07 7.46826e-07 1.86706e-06 1.49365e-06 1.49365e-06 1.49365e-06 1.49365e-06 1.12024e-06 1.49365e-06 1.86706e-06 1.49365e-06 1.49365e-06 1.49365e-06 2.24048e-06 2.61389e-06 1.12024e-06 1.86706e-06 1.49365e-06 1.49365e-06 2.24048e-06 1.49365e-06 1.86706e-06 7.46826e-07 2.61389e-06
1.12024e-06 1.49365e-06 1.12024e-06 7.46826e-07 1.49365e-06 7.46826e-07 1.12024e-06 7.46826e-07 3.73413e-07 3.73413e-07 3.73413e-07 3.73413e-07 1.49365e-06 1.12024e-06 1.49365e-06 3.73413e-07 0.00000e+00 3.73413e-07 3.73413e-07 0.00000e+00 3.73413e-07 1.49365e-06 1.86706e-06 0.00000e+00 1.12024e-06 7.46826e-07 7.46826e-07 1.49365e-06 7.46826e-07 1.49365e-06
1.12024e-06 1.49365e-06 1.86706e-06 7.46826e-07 1.49365e-06 2.61389e-06 1.49365e-06 1.49365e-06 1.49365e-06 0.00000e+00 1.12024e-06 3.73413e-07 1.12024e-06 7.46826e-07 3.73413e-07 2.24048e-06 1.49365e-06 0.00000e+00 7.46826e-07 7.46826e-07 1.49365e-06 1.12024e-06 7.46826e-07 7.46826e-07 1.49365e-06 2.61389e-06 1.86706e-06 2.24048e-06 2.61389e-06 1.86706e-06
1.86706e-06 1.12024e-06 2.24048e-06 1.86706e-06 7.46826e-07 1.49365e-06 1.49365e-06 2.24048e-06 3.73413e-07 0.00000e+00 3.73413e-07 7.46826e-07 2.24048e-06 1.86706e-06 1.49365e-06 1.86706e-06 2.24048e-06 3.73413e-07 3.73413e-07 3.73413e-07 3.73413e-07 1.12024e-06 1.49365e-06 1.86706e-06 2.24048e-06 1.49365e-06 2.24048e-06 1.49365e-06 3.73413e-07 3.73413e-07
1.49365e-06 3.73413e-07 1.49365e-06 2.24048e-06 7.46826e-07 1.86706e-06 1.86706e-06 1.12024e-06 1.12024e-06 0.00000e+00 7.46826e-07 7.46826e-07 1.49365e-06 1.86706e-06 1.49365e-06 1.86706e-06 1.86706e-06 7.46826e-07 7.46826e-07 1.49365e-06 1.49365e-06 1.12024e-06 3.73413e-07 1.12024e-06 1.12024e-06 1.86706e-06 1.49365e-06 0.00000e+00 1.49365e-06 2.61389e-06
1.86706e-06 1.86706e-06 1.86706e-06 7.46826e-07 7.46826e-07 1.86706e-06 2.24048e-06 1.86706e-06 1.49365e-06 1.49365e-06 1.12024e-06 2.24048e-06 1.86706e-06 7.46826e-07 1.12024e-06 1.12024e-06 3.73413e-07 7.46826e-07 1.12024e-06 3.73413e-07 1.86706e-06 1.86706e-06 1.86706e-06 2.24048e-06 2.24048e-06 7.46826e-07 1.12024e-06 1.49365e-06 1.86706e-06 2.61389e-06
4.85437e-06 3.73413e-06 4.48096e-06 2.98730e-06 4.10754e-06 3.36072e-06 4.10754e-06 4.10754e-06 3.36072e-06 2.61389e-06 1.86706e-06 3.73413e-06 1.49365e-06 1.86706e-06 4.10754e-06 2.98730e-06 1.86706e-06 1.12024e-06 3.73413e-06 2.61389e-06 3.36072e-06 4.48096e-06 2.61389e-06 4.10754e-06 3.36072e-06 2.24048e-06 2.98730e-06 2.98730e-06 2.24048e-06 6.34802e-06
3.73413e-06 2.98730e-06 2.98730e-06 2.98730e-06 2.61389e-06 2.61389e-06 1.86706e-06 3.36072e-06 3.73413e-06 2.24048e-06 2.61389e-06 1.86706e-06 1.49365e-06 2.24048e-06 1.49365e-06 1.12024e-06 2.98730e-06 2.98730e-06 2.61389e-06 1.12024e-06 3.36072e-06 4.10754e-06 3.36072e-06 2.98730e-06 4.10754e-06 2.24048e-06 2.98730e-06 2.24048e-06 2.61389e-06 6.34802e-06
5.22778e-06 4.48096e-06 2.24048e-06 3.73413e-06 4.48096e-06 3.73413e-06 2.24048e-06 2.24048e-06 2.98730e-06 3.36072e-06 1.86706e-06 1.49365e-06 2.61389e-06 1.86706e-06 1.86706e-06 1.12024e-06 7.46826e-07 1.86706e-06 1.86706e-06 2.61389e-06 1.86706e-06 3.73413e-06 3.36072e-06 1.12024e-06 2.24048e-06 4.10754e-06 2.98730e-06 3.36072e-06 2.98730e-06 6.34802e-06
2.61389e-06 1.12024e-06 7.46826e-07 1.49365e-06 2.24048e-06 3.73413e-07 1.12024e-06 2.24048e-06 7.46826e-07 1.12024e-06 1.12024e-06 7.46826e-07 7.46826e-07 1.12024e-06 1.49365e-06 7.46826e-07 3.73413e-07 1.12024e-06 1.12024e-06 1.12024e-06 0.00000e+00 1.49365e-06 7.46826e-07 1.49365e-06 1.49365e-06 1.86706e-06 1.49365e-06 0.00000e+00 7.46826e-07 1.86706e-06
3.73413e-06 1.12024e-06 1.49365e-06 2.24048e-06 1.86706e-06 2.24048e-06 0.00000e+00 1.12024e-06 1.49365e-06 1.86706e-06 7.46826e-07 3.73413e-07 0.00000e+00 0.00000e+00 7.46826e-07 1.12024e-06 7.46826e-07 7.46826e-07 1.12024e-06 7.46826e-07 1.12024e-06 1.86706e-06 1.49365e-06 0.00000e+00 1.12024e-06 7.46826e-07 1.12024e-06 1.86706e-06 1.86706e-06 3.36072e-06
2.24048e-06 2.24048e-06 1.49365e-06 1.49365e-06 7.46826e-07 1.49365e-06 7.46826e-07 3.73413e-07 7.46826e-07 1.49365e-06 1.12024e-06 7.46826e-07 1.12024e-06 1.12024e-06 1.49365e-06 7.46826e-07 1.49365e-06 1.12024e-06 7.46826e-07 1.12024e-06 1.12024e-06 7.46826e-07 7.46826e-07 1.86706e-06 7.46826e-07 1.12024e-06 3.73413e-07 7.46826e-07 1.12024e-06 3.73413e-06
2.24048e-06 1.86706e-06 1.49365e-06 1.12024e-06 7.46826e-07 7.46826e-07 7.46826e-07 7.46826e-07 0.00000e+00 1.49365e-06 1.12024e-06 3.73413e-07 1.12024e-06 1.12024e-06 7.46826e-07 1.86706e-06 1.12024e-06 7.46826e-07 1.12024e-06 1.49365e-06 1.86706e-06 7.46826e-07 1.12024e-06 7.46826e-07 3.73413e-07 1.86706e-06 1.49365e-06 1.49365e-06 3.73413e-07 3.36072e-06
3.73413e-06 3.36072e-06 1.86706e-06 7.46826e-07 1.12024e-06 1.49365e-06 1.12024e-06 7.46826e-07 7.46826e-07 7.46826e-07 1.49365e-06 3.73413e-07 1.49365e-06 1.86706e-06 3.73413e-07 0.00000e+00 0.00000e+00 1.49365e-06 2.61389e-06 1.49365e-06 3.73413e-07 3.73413e-07 0.00000e+00 3.73413e-07 3.73413e-07 7.46826e-07 7.46826e-07 7.46826e-07 1.12024e-06 1.49365e-06
1.12024e-06 1.49365e-06 1.12024e-06 3.73413e-07 1.49365e-06 1.86706e-06 1.12024e-06 0.00000e+00 3.73413e-07 1.12024e-06 3.73413e-07 3.73413e-07 1.86706e-06 1.12024e-06 1.49365e-06 1.12024e-06 3.73413e-07 7.46826e-07 1.12024e-06 0.00000e+00 7.46826e-07 3.73413e-07 1.12024e-06 2.61389e-06 7.46826e-07 7.46826e-07 1.12024e-06 1.12024e-06 1.86706e-06 2.61389e-06
2.61389e-06 3.73413e-07 2.24048e-06 1.12024e-06 1.86706e-06 2.61389e-06 2.61389e-06 3.73413e-07 1.12024e-06 3.73413e-07 1.86706e-06 1.49365e-06 7.46826e-07 0.00000e+00 2.61389e-06 2.98730e-06 2.24048e-06 3.73413e-07 1.49365e-06 1.12024e-06 1.49365e-06 3.73413e-07 1.12024e-06 1.12024e-06 1.12024e-06 1.12024e-06 0.00000e+00 7.46826e-07 1.49365e-06 1.86706e-06
1.12024e-06 1.49365e-06 1.12024e-06 1.12024e-06 1.86706e-06 1.86706e-06 2.98730e-06 7.46826e-07 1.12024e-06 1.12024e-06 1.86706e-06 3.73413e-07 3.73413e-07 7.46826e-07 1.12024e-06 1.12024e-06 2.24048e-06 1.49365e-06 0.00000e+00 1.12024e-06 1.49365e-06 7.46826e-07 1.49365e-06 3.73413e-07 2.61389e-06 2.24048e-06 1.86706e-06 3.73413e-06 1.86706e-06 1.12024e-06
1.49365e-06 3.73413e-07 7.46826e-07 3.73413e-07 7.46826e-07 1.49365e-06 1.49365e-06 1.12024e-06 0.00000e+00 1.49365e-06 1.86706e-06 1.86706e-06 3.73413e-07 7.46826e-07 1.86706e-06 7.46826e-07 1.49365e-06 2.24048e-06 2.24048e-06 1.12024e-06 3.73413e-07 1.86706e-06 7.46826e-07 1.12024e-06 2.24048e-06 1.86706e-06 7.46826e-07 1.49365e-06 3.73413e-07 1.49365e-06
2.98730e-06 2.61389e-06 2.24048e-06 2.61389e-06 1.86706e-06 2.61389e-06 2.24048e-06 3.73413e-06 3.73413e-06 4.48096e-06 2.24048e-06 2.98730e-06 3.73413e-06 1.86706e-06 1.86706e-06 2.98730e-06 2.61389e-06 4.85437e-06 5.60119e-06 4.10754e-06 2.61389e-06 3.36072e-06 2.24048e-06 1.86706e-06 1.49365e-06 3.36072e-06 2.61389e-06 3.73413e-06 2.24048e-06 1.12024e-06
4.48096e-06 2.24048e-06 3.36072e-06 2.24048e-06 1.49365e-06 3.36072e-06 2.61389e-06 2.24048e-06 3.73413e-06 4.10754e-06 2.24048e-06 1.86706e-06 2.24048e-06 3.73413e-07 2.98730e-06 2.98730e-06 3.36072e-06 3.73413e-06 4.10754e-06 3.36072e-06 4.48096e-06 4.10754e-06 3.36072e-06 1.12024e-06 1.12024e-06 2.61389e-06 3.73413e-06 4.85437e-06 1.86706e-06 2.61389e-06
5.22778e-06 2.24048e-06 2.24048e-06 2.61389e-06 1.49365e-06 3.73413e-06 1.49365e-06 4.48096e-06 3.73413e-06 3.73413e-06 3.73413e-06 2.24048e-06 1.49365e-06 1.86706e-06 4.48096e-06 3.73413e-06 2.98730e-06 2.98730e-06 2.61389e-06 1.12024e-06 2.24048e-06 2.61389e-06 2.98730e-06 3.73413e-07 2.61389e-06 3.36072e-06 2.98730e-06 4.85437e-06 5.97461e-06 6.34802e-06
1.86706e-06 2.24048e-06 7.46826e-07 3.73413e-07 1.12024e-06 3.73413e-07 3.73413e-07 1.12024e-06 7.46826e-07 1.49365e-06 1.49365e-06 3.73413e-07 7.46826e-07 1.49365e-06 2.61389e-06 2.24048e-06 1.86706e-06 1.86706e-06 1.86706e-06 1.49365e-06 7.46826e-07 7.46826e-07 1.86706e-06 1.12024e-06 1.49365e-06 1.49365e-06 1.12024e-06 1.49365e-06 2.61389e-06 1.86706e-06
4.48096e-06 1.86706e-06 1.49365e-06 1.49365e-06 1.49365e-06 3.73413e-07 1.12024e-06 1.86706e-06 7.46826e-07 1.12024e-06 7.46826e-07 7.46826e-07 1.49365e-06 0.00000e+00 1.12024e-06 1.12024e-06 1.86706e-06 1.12024e-06 1.49365e-06 7.46826e-07 1.12024e-06 1.49365e-06 3.73413e-07 7.46826e-07 3.73413e-07 0.00000e+00 1.12024e-06 3.73413e-07 1.12024e-06 1.49365e-06
4.85437e-06 1.12024e-06 7.46826e-07 7.46826e-07 1.49365e-06 3.73413e-07 3.73413e-07 7.46826e-07 3.73413e-07 7.46826e-07 7.46826e-07 3.73413e-07 1.49365e-06 1.12024e-06 0.00000e+00 0.00000e+00 1.12024e-06 1.86706e-06 2.24048e-06 1.49365e-06 7.46826e-07 7.46826e-07 3.73413e-07 0.00000e+00 3.73413e-07 3.73413e-07 7.46826e-07 7.46826e-07 1.49365e-06 1.49365e-06
1.49365e-06 3.73413e-07 3.73413e-07 3.73413e-07 7.46826e-07 3.73413e-07 0.00000e+00 3.73413e-07 7.46826e-07 1.49365e-06 3.73413e-07 3.73413e-07 1.12024e-06 1.86706e-06 7.46826e-07 0.00000e+00 7.46826e-07 7.46826e-07 2.24048e-06 3.73413e-07 1.12024e-06 1.49365e-06 7.46826e-07 3.73413e-07 3.73413e-07 3.73413e-07 7.46826e-07 7.46826e-07 1.12024e-06 1.49365e-06
7.46826e-07 1.86706e-06 7.46826e-07 7.46826e-07 7.46826e-07 7.46826e-07 2.24048e-06 3.73413e-07 3.73413e-07 1.12024e-06 1.12024e-06 1.49365e-06 7.46826e-07 1.49365e-06 1.12024e-06 0.00000e+00 0.00000e+00 1.12024e-06 1.12024e-06 1.12024e-06 7.46826e-07 1.49365e-06 1.86706e-06 7.46826e-07 1.12024e-06 1.86706e-06 1.49365e-06 1.49365e-06 1.12024e-06 1.49365e-06
2.61389e-06 2.61389e-06 3.73413e-07 1.49365e-06 1.86706e-06 1.49365e-06 1.49365e-06 3.73413e-07 3.73413e-07 2.24048e-06 3.73413e-07 3.73413e-07 2.24048e-06 1.12024e-06 1.49365e-06 3.36072e-06 1.86706e-06 1.12024e-06 3.73413e-07 3.73413e-07 7.46826e-07 1.86706e-06 1.86706e-06 0.00000e+00 1.12024e-06 1.49365e-06 3.36072e-06 2.24048e-06 1.86706e-06 4.85437e-06
1.12024e-06 1.49365e-06 1.12024e-06 7.46826e-07 2.24048e-06 7.46826e-07 1.86706e-06 2.24048e-06 7.46826e-07 0.00000e+00 3.73413e-07 1.86706e-06 2.24048e-06 1.49365e-06 7.46826e-07 1.49365e-06 2.61389e-06 1.12024e-06 7.46826e-07 7.46826e-07 1.12024e-06 0.00000e+00 1.49365e-06 7.46826e-07 1.49365e-06 1.86706e-06 2.24048e-06 1.86706e-06 1.86706e-06 2.61389e-06
1.86706e-06 1.49365e-06 1.12024e-06 1.12024e-06 1.12024e-06 1.86706e-06 1.49365e-06 1.86706e-06 1.49365e-06 2.24048e-06 1.49365e-06 1.12024e-06 1.86706e-06 7.46826e-07 7.46826e-07 0.00000e+00 2.61389e-06 2.98730e-06 2.24048e-06 1.12024e-06 7.46826e-07 3.73413e-07 1.12024e-06 3.73413e-07 0.00000e+00 7.46826e-07 2.61389e-06 2.24048e-06 2.98730e-06 2.98730e-06
2.98730e-06 7.46826e-07 7.46826e-07 3.73413e-07 1.12024e-06 7.46826e-07 1.12024e-06 1.12024e-06 1.49365e-06 2.24048e-06 1.86706e-06 1.12024e-06 1.12024e-06 7.46826e-07 7.46826e-07 1.86706e-06 7.46826e-07 1.49365e-06 1.12024e-06 1.86706e-06 1.12024e-06 7.46826e-07 7.46826e-07 1.12024e-06 3.73413e-07 1.86706e-06 1.86706e-06 1.12024e-06 2.24048e-06 2.61389e-06
5.60119e-06 3.73413e-07 1.86706e-06 4.10754e-06 2.61389e-06 1.86706e-06 1.86706e-06 2.24048e-06 2.24048e-06 2.24048e-06 2.61389e-06 1.86706e-06 2.98730e-06 2.61389e-06 2.98730e-06 2.24048e-06 1.12024e-06 2.61389e-06 2.61389e-06 4.48096e-06 3.36072e-06 4.48096e-06 4.48096e-06 4.48096e-06 2.24048e-06 2.61389e-06 2.61389e-06 4.48096e-06 2.61389e-06 3.73413e-06
3.36072e-06 2.24048e-06 4.48096e-06 3.36072e-06 1.49365e-06 1.86706e-06 1.86706e-06 2.24048e-06 2.98730e-06 3.73413e-06 2.98730e-06 2.98730e-06 2.98730e-06 1.86706e-06 1.86706e-06 2.24048e-06 1.49365e-06 1.49365e-06 4.48096e-06 2.24048e-06 4.85437e-06 4.10754e-06 3.73413e-06 4.10754e-06 7.46826e-07 1.49365e-06 2.98730e-06 3.73413e-06 4.85437e-06 4.48096e-06
1.86706e-06 3.73413e-06 4.10754e-06 2.61389e-06 2.24048e-06 7.46826e-07 1.49365e-06 1.86706e-06 3.36072e-06 4.10754e-06 1.86706e-06 2.24048e-06 3.36072e-06 2.24048e-06 2.24048e-06 7.46826e-07 1.49365e-06 2.24048e-06 2.24048e-06 3.73413e-06 4.10754e-06 4.48096e-06 3.73413e-06 4.48096e-06 1.49365e-06 1.86706e-06 1.86706e-06 2.61389e-06 2.98730e-06 4.48096e-06
7.46826e-07 1.49365e-06 7.46826e-07 3.73413e-07 7.46826e-07 1.49365e-06 3.73413e-07 1.12024e-06 1.12024e-06 2.61389e-06 1.49365e-06 1.12024e-06 7.46826e-07 0.00000e+00 1.49365e-06 1.49365e-06 7.46826e-07 1.49365e-06 1.49365e-06 7.46826e-07 0.00000e+00 1.49365e-06 1.49365e-06 2.61389e-06 1.12024e-06 1.49365e-06 2.98730e-06 2.24048e-06 3.73413e-07 7.46826e-07
2.61389e-06 2.24048e-06 1.49365e-06 1.12024e-06 1.86706e-06 1.49365e-06 0.00000e+00 3.73413e-07 1.86706e-06 1.86706e-06 1.12024e-06 1.49365e-06 1.12024e-06 3.73413e-07 1.49365e-06 7.46826e-07 1.49365e-06 1.12024e-06 1.49365e-06 1.86706e-06 1.12024e-06 7.46826e-07 1.12024e-06 1.12024e-06 1.49365e-06 1.86706e-06 1.86706e-06 2.24048e-06 1.12024e-06 1.86706e-06
1.86706e-06 1.12024e-06 7.46826e-07 1.49365e-06 1.86706e-06 2.61389e-06 0.00000e+00 7.46826e-07 7.46826e-07 1.12024e-06 1.12024e-06 1.49365e-06 1.49365e-06 7.46826e-07 7.46826e-07 7.46826e-07 7.46826e-07 1.49365e-06 1.86706e-06 1.12024e-06 1.12024e-06 1.12024e-06 1.86706e-06 7.46826e-07 7.46826e-07 7.46826e-07 7.46826e-07 1.49365e-06 0.00000e+00 2.98730e-06
1.49365e-06 3.73413e-07 1.12024e-06 3.73413e-07 7.46826e-07 1.12024e-06 1.12024e-06 1.12024e-06 1.86706e-06 1.49365e-06 1.12024e-06 1.12024e-06 1.49365e-06 1.12024e-06 1.12024e-06 3.73413e-07 7.46826e-07 1.12024e-06 7.46826e-07 7.46826e-07 1.12024e-06 0.00000e+00 1.12024e-06 0.00000e+00 7.46826e-07 1.12024e-06 3.73413e-07 3.73413e-07 1.12024e-06 2.24048e-06
1.86706e-06 1.49365e-06 1.49365e-06 1.49365e-06 1.12024e-06 1.12024e-06 1.12024e-06 1.12024e-06 3.73413e-07 0.00000e+00 1.49365e-06 3.73413e-07 3.73413e-07 1.12024e-06 7.46826e-07 7.46826e-07 7.46826e-07 1.12024e-06 0.00000e+00 3.73413e-07 3.73413e-07 1.12024e-06 7.46826e-07 1.49365e-06 1.12024e-06 3.73413e-07 1.12024e-06 1.12024e-06 7.46826e-07 7.46826e-07
2.98730e-06 1.86706e-06 1.86706e-06 1.49365e-06 1.12024e-06 1.49365e-06 7.46826e-07 1.12024e-06 1.12024e-06 3.73413e-07 7.46826e-07 1.12024e-06 0.00000e+00 7.46826e-07 3.73413e-07 3.73413e-07 3.73413e-07 1.12024e-06 1.49365e-06 3.73413e-07 3.73413e-07 2.24048e-06 3.73413e-07 7.46826e-07 3.73413e-07 7.46826e-07 1.49365e-06 1.12024e-06 1.86706e-06 2.61389e-06
3.73413e-06 1.49365e-06 1.86706e-06 1.12024e-06 1.86706e-06 1.86706e-06 1.49365e-06 7.46826e-07 1.12024e-06 7.46826e-07 7.46826e-07 3.73413e-07 7.46826e-07 3.73413e-07 7.46826e-07 1.12024e-06 7.46826e-07 3.73413e-07 7.46826e-07 7.46826e-07 0.00000e+00 3.73413e-07 2.24048e-06 1.86706e-06 1.86706e-06 1.86706e-06 1.49365e-06 1.12024e-06 1.12024e-06 1.86706e-06
2.98730e-06 1.12024e-06 7.46826e-07 1.49365e-06 1.12024e-06 2.24048e-06 1.49365e-06 3.73413e-07 1.86706e-06 2.24048e-06 1.49365e-06 0.00000e+00 7.46826e-07 7.46826e-07 7.46826e-07 7.46826e-07 1.12024e-06 1.49365e-06 3.73413e-07 2.24048e-06 7.46826e-07 7.46826e-07 1.49365e-06 2.24048e-06 1.12024e-06 1.12024e-06 1.12024e-06 1.86706e-06 1.49365e-06 1.86706e-06
3.36072e-06 1.12024e-06 1.12024e-06 1.86706e-06 1.86706e-06 2.61389e-06 1.12024e-06 1.49365e-06 2.61389e-06 2.24048e-06 1.86706e-06 7.46826e-07 1.49365e-06 1.12024e-06 1.12024e-06 3.73413e-07 7.46826e-07 1.49365e-06 2.24048e-06 1.86706e-06 1.86706e-06 1.12024e-06 7.46826e-07 1.86706e-06 2.24048e-06 2.24048e-06 2.98730e-06 1.49365e-06 1.12024e-06 3.36072e-06
4.10754e-06 2.24048e-06 2.24048e-06 2.61389e-06 1.49365e-06 3.73413e-06 4.85437e-06 2.61389e-06 4.48096e-06 3.36072e-06 2.98730e-06 2.61389e-06 2.98730e-06 3.73413e-06 5.60119e-06 2.98730e-06 4.48096e-06 3.36072e-06 3.36072e-06 4.10754e-06 4.85437e-06 5.22778e-06 3.36072e-06 2.98730e-06 2.98730e-06 2.98730e-06 2.61389e-06 3.36072e-06 4.10754e-06 5.97461e-06
5.97461e-06 1.12024e-06 1.49365e-06 2.24048e-06 3.73413e-06 2.61389e-06 4.48096e-06 3.36072e-06 4.85437e-06 2.98730e-06 2.98730e-06 3.36072e-06 2.24048e-06 2.61389e-06 2.98730e-06 3.73413e-06 4.10754e-06 2.24048e-06 2.61389e-06 2.98730e-06 3.36072e-06 2.98730e-06 1.49365e-06 3.36072e-06 3.73413e-06 4.48096e-06 3.73413e-06 2.98730e-06 3.36072e-06 5.22778e-06
3.36072e-06 2.61389e-06 2.98730e-06 2.24048e-06 1.86706e-06 2.61389e-06 2.61389e-06 2.24048e-06 3.36072e-06 2.24048e-06 2.61389e-06 5.22778e-06 2.61389e-06 1.86706e-06 2.61389e-06 2.98730e-06 2.98730e-06 3.73413e-06 2.61389e-06 2.24048e-06 2.61389e-06 2.24048e-06 7.46826e-07 1.86706e-06 1.49365e-06 3.36072e-06 3.73413e-06 2.61389e-06 2.24048e-06 5.22778e-06
1.12024e-06 7.46826e-07 1.12024e-06 7.46826e-07 1.12024e-06 3.73413e-07 3.73413e-07 1.86706e-06 2.24048e-06 1.49365e-06 1.49365e-06 1.12024e-06 7.46826e-07 0.00000e+00 3.73413e-07 7.46826e-07 1.49365e-06 1.12024e-06 2.61389e-06 1.86706e-06 1.49365e-06 7.46826e-07 3.73413e-07 7.46826e-07 7.46826e-07 1.86706e-06 1.86706e-06 1.86706e-06 1.12024e-06 1.86706e-06
2.61389e-06 1.49365e-06 1.49365e-06 7.46826e-07 2.24048e-06 2.24048e-06 7.46826e-07 3.73413e-07 1.49365e-06 1.86706e-06 2.24048e-06 1.12024e-06 3.73413e-07 7.46826e-07 7.46826e-07 7.46826e-07 1.49365e-06 1.49365e-06 2.24048e-06 2.98730e-06 2.98730e-06 1.49365e-06 1.49365e-06 7.46826e-07 7.46826e-07 1.49365e-06 1.12024e-06 1.12024e-06 1.86706e-06 2.61389e-06
1.12024e-06 2.24048e-06 7.46826e-07 7.46826e-07 3.73413e-07 0.00000e+00 1.12024e-06 7.46826e-07 7.46826e-07 1.12024e-06 1.49365e-06 1.12024e-06 1.12024e-06 7.46826e-07 1.12024e-06 1.86706e-06 3.73413e-07 1.86706e-06 1.49365e-06 0.00000e+00 1.49365e-06 1.49365e-06 1.12024e-06 1.12024e-06 7.46826e-07 1.12024e-06 7.46826e-07 2.61389e-06 7.46826e-07 3.36072e-06
1.49365e-06 1.12024e-06 1.49365e-06 1.86706e-06 1.49365e-06 3.73413e-07 7.46826e-07 0.00000e+00 7.46826e-07 2.61389e-06 1.86706e-06 3.73413e-07 1.49365e-06 1.49365e-06 1.49365e-06 3.73413e-07 0.00000e+00 0.00000e+00 1.49365e-06 3.73413e-07 0.00000e+00 7.46826e-07 3.73413e-07 1.86706e-06 1.12024e-06 7.46826e-07 7.46826e-07 7.46826e-07 3.73413e-07 1.12024e-06
2.24048e-06 1.12024e-06 7.46826e-07 7.46826e-07 1.49365e-06 7.46826e-07 3.73413e-07 0.00000e+00 3.73413e-07 3.73413e-07 3.73413e-07 7.46826e-07 3.73413e-07 3.73413e-07 7.46826e-07 2.61389e-06 1.12024e-06 1.12024e-06 1.12024e-06 3.73413e-07 1.12024e-06 3.73413e-07 1.12024e-06 1.49365e-06 1.86706e-06 2.24048e-06 0.00000e+00 1.12024e-06 7.46826e-07 2.24048e-06
2.24048e-06 3.73413e-07 3.73413e-07 3.73413e-07 7.46826e-07 7.46826e-07 1.49365e-06 1.49365e-06 1.49365e-06 3.73413e-07 3.73413e-07 3.73413e-07 7.46826e-07 7.46826e-07 1.49365e-06 3.73413e-07 1.12024e-06 3.73413e-07 1.12024e-06 2.24048e-06 1.12024e-06 0.00000e+00 0.00000e+00 1.49365e-06 1.49365e-06 2.24048e-06 1.12024e-06 7.46826e-07 3.73413e-07 1.86706e-06
2.24048e-06 1.12024e-06 1.12024e-06 7.46826e-07 7.46826e-07 1.49365e-06 7.46826e-07 0.00000e+00 1.86706e-06 1.12024e-06 7.46826e-07 1.12024e-06 3.73413e-07 7.46826e-07 1.12024e-06 1.49365e-06 1.12024e-06 2.24048e-06 3.73413e-07 1.12024e-06 7.46826e-07 7.46826e-07 3.73413e-07 1.12024e-06 3.73413e-07 1.12024e-06 1.12024e-06 1.49365e-06 1.86706e-06 2.24048e-06
1.12024e-06 1.86706e-06 1.12024e-06 3.73413e-07 0.00000e+00 3.73413e-07 1.49365e-06 1.49365e-06 1.12024e-06 3.73413e-07 0.00000e+00 1.12024e-06 7.46826e-07 1.49365e-06 1.86706e-06 7.46826e-07 2.61389e-06 2.61389e-06 2.61389e-06 1.86706e-06 1.12024e-06 1.12024e-06 1.12024e-06 1.12024e-06 7.46826e-07 1.12024e-06 1.12024e-06 1.49365e-06 3.73413e-06 1.12024e-06
2.98730e-06 1.49365e-06 1.49365e-06 1.86706e-06 1.12024e-06 7.46826e-07 1.86706e-06 1.12024e-06 3.73413e-07 7.46826e-07 7.46826e-07 1.49365e-06 1.12024e-06 1.49365e-06 1.49365e-06 1.86706e-06 1.49365e-06 7.46826e-07 2.24048e-06 1.86706e-06 1.12024e-06 1.12024e-06 1.12024e-06 1.12024e-06 7.46826e-07 1.86706e-06 1.86706e-06 1.49365e-06 1.86706e-06 2.24048e-06
4.48096e-06 2.61389e-06 3.73413e-06 2.24048e-06 7.46826e-07 2.61389e-06 4.10754e-06 2.98730e-06 2.98730e-06 3.73413e-06 1.12024e-06 2.98730e-06 2.98730e-06 3.73413e-06 2.98730e-06 4.48096e-06 4.48096e-06 3.36072e-06 1.86706e-06 2.24048e-06 2.24048e-06 2.24048e-06 1.86706e-06 2.24048e-06 2.98730e-06 2.61389e-06 4.48096e-06 2.61389e-06 2.98730e-06 4.10754e-06
4.10754e-06 3.36072e-06 3.73413e-06 2.24048e-06 2.61389e-06 2.24048e-06 2.61389e-06 4.10754e-06 3.73413e-06 3.36072e-06 3.73413e-06 4.10754e-06 2.98730e-06 2.98730e-06 2.98730e-06 2.61389e-06 2.61389e-06 3.73413e-06 2.61389e-06 2.61389e-06 1.86706e-06 2.61389e-06 3.36072e-06 2.24048e-06 4.85437e-06 2.98730e-06 3.36072e-06 3.73413e-06 2.61389e-06 1.49365e-06
2.61389e-06 4.10754e-06 3.73413e-06 3.73413e-06 3.73413e-06 2.24048e-06 2.61389e-06 5.22778e-06 4.48096e-06 2.98730e-06 1.49365e-06 2.61389e-06 3.36072e-06 1.49365e-06 1.86706e-06 1.86706e-06 2.98730e-06 2.61389e-06 2.98730e-06 3.73413e-06 3.36072e-06 3.36072e-06 4.10754e-06 5.22778e-06 4.10754e-06 2.24048e-06 2.61389e-06 2.98730e-06 4.10754e-06 5.60119e-06
2.61389e-06 1.49365e-06 7.46826e-07 3.73413e-07 1.12024e-06 1.86706e-06 2.24048e-06 2.98730e-06 1.49365e-06 3.73413e-07 3.73413e-07 7.46826e-07 1.12024e-06 7.46826e-07 7.46826e-07 3.73413e-07 7.46826e-07 1.12024e-06 1.86706e-06 1.12024e-06 7.46826e-07 0.00000e+00 1.49365e-06 1.12024e-06 1.49365e-06 1.49365e-06 7.46826e-07 3.73413e-07 3.73413e-07 1.49365e-06
1.49365e-06 1.12024e-06 1.49365e-06 1.49365e-06 2.61389e-06 1.86706e-06 2.24048e-06 7.46826e-07 1.86706e-06 7.46826e-07 1.86706e-06 7.46826e-07 3.73413e-07 1.12024e-06 1.12024e-06 2.98730e-06 1.12024e-06 7.46826e-07 1.12024e-06 3.73413e-07 3.73413e-07 0.00000e+00 3.73413e-07 1.12024e-06 1.12024e-06 1.86706e-06 1.49365e-06 1.12024e-06 1.49365e-06 7.46826e-07
2.98730e-06 1.86706e-06 1.86706e-06 1.86706e-06 0.00000e+00 0.00000e+00 0.00000e+00 7.46826e-07 7.46826e-07 3.73413e-07 3.73413e-07 3.73413e-07 1.49365e-06 1.86706e-06 1.49365e-06 1.12024e-06 1.12024e-06 1.12024e-06 7.46826e-07 7.46826e-07 3.73413e-07 3.73413e-07 2.24048e-06 1.86706e-06 7.46826e-07 3.73413e-07 7.46826e-07 2.24048e-06 1.49365e-06 1.49365e-06
1.86706e-06 1.86706e-06 1.12024e-06 1.86706e-06 7.46826e-07 3.73413e-07 3.73413e-07 3.73413e-07 7.46826e-07 0.00000e+00 0.00000e+00 7.46826e-07 1.12024e-06 1.49365e-06 3.73413e-07 3.73413e-07 3.73413e-07 1.49365e-06 1.86706e-06 7.46826e-07 1.12024e-06 1.12024e-06 1.12024e-06 1.49365e-06 3.73413e-07 3.73413e-07 7.46826e-07 1.12024e-06 2.24048e-06 2.24048e-06
2.24048e-06 1.86706e-06 1.49365e-06 7.46826e-07 0.00000e+00 1.12024e-06 0.00000e+00 7.46826e-07 1.12024e-06 3.73413e-07 0.00000e+00 7.46826e-07 2.61389e-06 3.73413e-07 1.49365e-06 7.46826e-07 3.73413e-07 3.73413e-07 1.49365e-06 1.12024e-06 1.12024e-06 7.46826e-07 1.12024e-06 2.61389e-06 2.24048e-06 1.49365e-06 3.73413e-07 1.12024e-06 3.73413e-07 1.12024e-06
2.61389e-06 3.73413e-07 1.12024e-06 7.46826e-07 1.12024e-06 3.73413e-07 1.49365e-06 1.49365e-06 3.73413e-07 0.00000e+00 3.73413e-07 0.00000e+00 7.46826e-07 1.49365e-06 2.24048e-06 1.12024e-06 1.12024e-06 1.86706e-06 1.12024e-06 3.73413e-07 1.12024e-06 3.73413e-07 3.73413e-07 1.12024e-06 1.12024e-06 1.49365e-06 3.73413e-07 1.12024e-06 3.73413e-07 1.49365e-06
1.49365e-06 3.73413e-07 0.00000e+00 3.73413e-07 1.12024e-06 1.12024e-06 7.46826e-07 1.12024e-06 3.73413e-07 3.73413e-07 0.00000e+00 7.46826e-07 1.49365e-06 1.86706e-06 1.49365e-06 1.86706e-06 1.86706e-06 7.46826e-07 7.46826e-07 7.46826e-07 1.49365e-06 1.49365e-06 1.49365e-06 1.49365e-06 2.24048e-06 2.24048e-06 1.86706e-06 1.12024e-06 1.49365e-06 2.98730e-06
1.49365e-06 0.00000e+00 1.49365e-06 1.49365e-06 3.73413e-07 1.49365e-06 1.12024e-06 7.46826e-07 3.73413e-07 1.12024e-06 1.12024e-06 7.46826e-07 1.49365e-06 3.73413e-07 7.46826e-07 1.12024e-06 1.12024e-06 3.73413e-07 3.73413e-07 7.46826e-07 1.49365e-06 1.86706e-06 3.73413e-07 7.46826e-07 2.24048e-06 1.49365e-06 1.86706e-06 7.46826e-07 1.86706e-06 2.24048e-06
7.46826e-07 3.73413e-07 1.12024e-06 1.12024e-06 1.86706e-06 1.86706e-06 1.49365e-06 3.73413e-07 0.00000e+00 7.46826e-07 3.73413e-07 7.46826e-07 7.46826e-07 3.73413e-07 3.73413e-07 7.46826e-07 1.49365e-06 3.73413e-07 1.12024e-06 1.12024e-06 7.46826e-07 1.12024e-06 1.12024e-06 1.86706e-06 1.49365e-06 3.73413e-07 7.46826e-07 7.46826e-07 3.73413e-07 1.12024e-06
4.10754e-06 2.24048e-06 2.24048e-06 1.49365e-06 2.98730e-06 3.73413e-06 6.34802e-06 3.36072e-06 1.12024e-06 2.24048e-06 2.24048e-06 3.73413e-06 1.86706e-06 2.61389e-06 2.98730e-06 2.98730e-06 2.24048e-06 2.61389e-06 2.61389e-06 2.61389e-06 2.24048e-06 2.24048e-06 3.36072e-06 1.49365e-06 2.98730e-06 2.24048e-06 2.98730e-06 3.36072e-06 3.73413e-06 5.60119e-06
3.73413e-06 2.24048e-06 2.61389e-06 2.61389e-06 2.24048e-06 3.36072e-06 3.73413e-06 3.73413e-06 1.49365e-06 2.61389e-06 2.98730e-06 1.86706e-06 1.49365e-06 1.12024e-06 2.98730e-06 2.61389e-06 3.73413e-06 1.49365e-06 2.61389e-06 2.98730e-06 2.24048e-06 2.61389e-06 2.24048e-06 3.36072e-06 2.61389e-06 2.98730e-06 4.85437e-06 2.61389e-06 2.61389e-06 4.85437e-06
2.61389e-06 1.86706e-06 7.46826e-07 4.48096e-06 4.85437e-06 4.10754e-06 2.61389e-06 3.36072e-06 2.98730e-06 3.36072e-06 2.98730e-06 1.12024e-06 7.46826e-07 1.86706e-06 1.86706e-06 1.12024e-06 2.61389e-06 1.86706e-06 3.73413e-06 3.36072e-06 4.85437e-06 2.98730e-06 3.36072e-06 2.98730e-06 2.61389e-06 3.73413e-06 2.61389e-06 1.49365e-06 1.86706e-06 2.61389e-06
7.46826e-07 1.86706e-06 2.61389e-06 1.49365e-06 1.49365e-06 7.46826e-07 7.46826e-07 0.00000e+00 7.46826e-07 1.12024e-06 3.73413e-07 3.73413e-07 1.49365e-06 7.46826e-07 1.12024e-06 7.46826e-07 3.73413e-07 7.46826e-07 7.46826e-07 7.46826e-07 7.46826e-07 1.12024e-06 1.49365e-06 1.49365e-06 1.12024e-06 1.49365e-06 2.24048e-06 1.86706e-06 7.46826e-07 2.61389e-06
1.86706e-06 2.24048e-06 1.12024e-06 1.12024e-06 1.86706e-06 1.86706e-06 1.86706e-06 7.46826e-07 7.46826e-07 1.49365e-06 7.46826e-07 1.49365e-06 1.12024e-06 7.46826e-07 1.49365e-06 7.46826e-07 7.46826e-07 1.12024e-06 1.12024e-06 7.46826e-07 7.46826e-07 1.49365e-06 2.98730e-06 1.49365e-06 1.12024e-06 3.73413e-07 1.12024e-06 1.12024e-06 3.73413e-06 3.36072e-06
1.49365e-06 1.49365e-06 1.86706e-06 1.49365e-06 1.12024e-06 1.12024e-06 0.00000e+00 1.12024e-06 1.49365e-06 2.24048e-06 1.86706e-06 1.12024e-06 7.46826e-07 7.46826e-07 1.49365e-06 1.49365e-06 7.46826e-07 0.00000e+00 1.49365e-06 1.12024e-06 1.12024e-06 1.12024e-06 1.49365e-06 1.12024e-06 7.46826e-07 3.73413e-07 7.46826e-07 2.24048e-06 1.86706e-06 1.86706e-06
7.46826e-07 3.73413e-07 0.00000e+00 3.73413e-07 1.86706e-06 7.46826e-07 1.12024e-06 1.49365e-06 3.73413e-07 7.46826e-07 1.49365e-06 1.12024e-06 1.86706e-06 1.12024e-06 1.12024e-06 1.12024e-06 0.00000e+00 1.49365e-06 1.49365e-06 3.73413e-07 3.73413e-07 1.12024e-06 1.86706e-06 1.49365e-06 7.46826e-07 1.49365e-06 3.73413e-07 1.12024e-06 2.61389e-06 3.36072e-06
1.12024e-06 7.46826e-07 0.00000e+00 0.00000e+00 7.46826e-07 7.46826e-07 3.73413e-07 3.73413e-07 3.73413e-07 0.00000e+00 7.46826e-07 1.12024e-06 1.49365e-06 2.98730e-06 1.12024e-06 1.12024e-06 3.73413e-07 3.73413e-07 1.49365e-06 7.46826e-07 7.46826e-07 3.73413e-07 1.49365e-06 7.46826e-07 1.49365e-06 1.12024e-06 7.46826e-07 1.12024e-06 2.61389e-06 2.24048e-06
7.46826e-07 3.73413e-07 1.12024e-06 1.49365e-06 1.12024e-06 7.46826e-07 3.73413e-07 0.00000e+00 3.73413e-07 3.73413e-07 0.00000e+00 7.46826e-07 1.12024e-06 1.49365e-06 7.46826e-07 7.46826e-07 7.46826e-07 7.46826e-07 1.86706e-06 7.46826e-07 7.46826e-07 7.46826e-07 1.12024e-06 1.49365e-06 2.24048e-06 1.12024e-06 1.49365e-06 2.24048e-06 1.49365e-06 1.86706e-06
1.86706e-06 1.12024e-06 3.73413e-07 7.46826e-07 1.12024e-06 1.86706e-06 7.46826e-07 1.49365e-06 2.24048e-06 1.12024e-06 7.46826e-07 3.73413e-07 1.12024e-06 3.73413e-07 7.46826e-07 3.73413e-07 3.73413e-07 1.12024e-06 1.49365e-06 1.86706e-06 0.00000e+00 7.46826e-07 0.00000e+00 1.12024e-06 1.49365e-06 4.10754e-06 2.61389e-06 7.46826e-07 3.73413e-07 4.48096e-06
1.49365e-06 3.73413e-07 1.12024e-06 1.86706e-06 1.12024e-06 2.24048e-06 1.12024e-06 2.24048e-06 1.12024e-06 1.86706e-06 1.86706e-06 1.12024e-06 7.46826e-07 2.24048e-06 3.73413e-07 3.73413e-07 1.12024e-06 1.12024e-06 7.46826e-07 3.73413e-07 7.46826e-07 3.73413e-07 1.49365e-06 1.49365e-06 3.73413e-07 7.46826e-07 7.46826e-07 7.46826e-07 1.86706e-06 4.85437e-06
2.24048e-06 7.46826e-07 1.49365e-06 1.49365e-06 3.73413e-07 3.73413e-07 3.73413e-07 7.46826e-07 1.12024e-06 1.12024e-06 3.73413e-07 1.12024e-06 1.49365e-06 1.12024e-06 1.49365e-06 1.12024e-06 2.24048e-06 1.49365e-06 1.49365e-06 1.12024e-06 3.73413e-07 7.46826e-07 1.12024e-06 1.12024e-06 3.73413e-07 1.49365e-06 7.46826e-07 3.73413e-07 2.24048e-06 3.36072e-06
2.98730e-06 3.73413e-06 4.85437e-06 3.73413e-06 2.61389e-06 2.24048e-06 2.61389e-06 1.12024e-06 2.24048e-06 2.61389e-06 1.86706e-06 1.49365e-06 1.12024e-06 2.24048e-06 3.73413e-06 3.36072e-06 3.73413e-06 4.85437e-06 1.12024e-06 1.12024e-06 2.24048e-06 2.24048e-06 2.61389e-06 2.61389e-06 2.98730e-06 1.86706e-06 2.98730e-06 2.98730e-06 3.36072e-06 3.36072e-06
3.73413e-06 1.86706e-06 2.24048e-06 3.36072e-06 4.10754e-06 2.61389e-06 2.61389e-06 2.61389e-06 2.98730e-06 1.12024e-06 1.49365e-06 2.98730e-06 3.36072e-06 2.24048e-06 2.98730e-06 2.98730e-06 2.61389e-06 2.61389e-06 2.98730e-06 2.61389e-06 2.98730e-06 2.24048e-06 4.48096e-06 1.49365e-06 2.24048e-06 4.48096e-06 5.22778e-06 5.22778e-06 2.61389e-06 4.48096e-06
4.85437e-06 2.61389e-06 2.61389e-06 3.73413e-06 4.48096e-06 3.73413e-06 3.36072e-06 3.36072e-06 3.73413e-06 2.61389e-06 7.46826e-07 2.61389e-06 3.73413e-06 2.24048e-06 2.24048e-06 4.85437e-06 3.36072e-06 2.61389e-06 2.24048e-06 2.24048e-06 2.61389e-06 2.24048e-06 4.48096e-06 2.98730e-06 2.98730e-06 2.61389e-06 4.10754e-06 5.22778e-06 4.10754e-06 5.97461e-06
2.98730e-06 1.49365e-06 1.86706e-06 1.49365e-06 1.86706e-06 1.49365e-06 2.24048e-06 1.49365e-06 7.46826e-07 1.12024e-06 1.86706e-06 1.86706e-06 1.49365e-06 1.12024e-06 1.12024e-06 1.12024e-06 2.61389e-06 1.12024e-06 1.12024e-06 1.86706e-06 2.61389e-06 1.49365e-06 1.12024e-06 2.61389e-06 1.49365e-06 1.86706e-06 1.49365e-06 2.24048e-06 2.61389e-06 2.98730e-06
2.24048e-06 1.86706e-06 1.49365e-06 1.49365e-06 1.49365e-06 3.73413e-07 1.49365e-06 1.49365e-06 7.46826e-07 1.86706e-06 2.98730e-06 2.61389e-06 2.24048e-06 7.46826e-07 1.49365e-06 1.12024e-06 1.12024e-06 1.12024e-06 1.49365e-06 3.73413e-07 7.46826e-07 1.49365e-06 7.46826e-07 2.24048e-06 1.12024e-06 2.24048e-06 2.61389e-06 1.12024e-06 2.24048e-06 5.60119e-06
1.49365e-06 1.49365e-06 1.49365e-06 1.12024e-06 2.24048e-06 1.86706e-06 1.12024e-06 1.12024e-06 1.12024e-06 1.86706e-06 2.61389e-06 1.86706e-06 1.49365e-06 1.12024e-06 7.46826e-07 1.86706e-06 1.12024e-06 1.49365e-06 3.73413e-07 7.46826e-07 3.73413e-07 7.46826e-07 1.49365e-06 1.12024e-06 1.12024e-06 1.86706e-06 1.49365e-06 7.46826e-07 3.73413e-07 2.98730e-06
2.24048e-06 1.86706e-06 1.49365e-06 1.12024e-06 1.49365e-06 2.24048e-06 1.86706e-06 1.86706e-06 0.00000e+00 1.12024e-06 2.61389e-06 2.24048e-06 1.49365e-06 1.49365e-06 1.12024e-06 1.49365e-06 1.49365e-06 1.49365e-06 7.46826e-07 1.12024e-06 3.73413e-07 3.73413e-07 1.12024e-06 1.86706e-06 7.46826e-07 7.46826e-07 0.00000e+00 7.46826e-07 1.12024e-06 2.24048e-06
1.86706e-06 7.46826e-07 3.73413e-07 1.12024e-06 1.12024e-06 2.98730e-06 1.49365e-06 1.49365e-06 0.00000e+00 3.73413e-07 1.12024e-06 2.98730e-06 2.61389e-06 1.49365e-06 2.98730e-06 1.49365e-06 3.73413e-07 1.12024e-06 0.00000e+00 1.49365e-06 2.24048e-06 1.49365e-06 7.46826e-07 1.86706e-06 3.73413e-07 3.73413e-07 0.00000e+00 3.73413e-07 2.24048e-06 3.36072e-06
1.86706e-06 1.12024e-06 7.46826e-07 1.12024e-06 0.00000e+00 2.24048e-06 1.12024e-06 1.12024e-06 1.49365e-06 1.86706e-06 3.73413e-07 1.86706e-06 1.86706e-06 1.86706e-06 1.86706e-06 1.49365e-06 7.46826e-07 3.73413e-07 0.00000e+00 1.12024e-06 3.73413e-07 1.49365e-06 1.12024e-06 1.49365e-06 3.73413e-07 1.49365e-06 7.46826e-07 7.46826e-07 1.12024e-06 4.10754e-06
1.49365e-06 1.12024e-06 1.12024e-06 1.49365e-06 7.46826e-07 3.73413e-07 3.73413e-07 1.12024e-06 1.49365e-06 7.46826e-07 3.73413e-07 0.00000e+00 1.12024e-06 3.73413e-07 0.00000e+00 1.49365e-06 7.46826e-07 7.46826e-07 1.12024e-06 1.12024e-06 7.46826e-07 1.12024e-06 1.12024e-06 1.49365e-06 1.12024e-06 1.12024e-06 7.46826e-07 1.12024e-06 1.49365e-06 2.24048e-06
1.49365e-06 0.00000e+00 7.46826e-07 7.46826e-07 1.49365e-06 1.12024e-06 1.12024e-06 7.46826e-07 1.12024e-06 2.24048e-06 1.12024e-06 1.49365e-06 7.46826e-07 7.46826e-07 1.49365e-06 1.49365e-06 1.12024e-06 1.49365e-06 1.12024e-06 1.12024e-06 1.12024e-06 1.86706e-06 7.46826e-07 1.86706e-06 1.86706e-06 1.12024e-06 1.12024e-06 3.73413e-07 1.86706e-06 3.36072e-06
3.36072e-06 2.61389e-06 7.46826e-07 1.12024e-06 3.73413e-07 7.46826e-07 1.49365e-06 7.46826e-07 2.61389e-06 3.36072e-06 1.12024e-06 1.86706e-06 1.49365e-06 2.98730e-06 2.24048e-06 1.12024e-06 1.12024e-06 1.49365e-06 1.86706e-06 1.12024e-06 1.49365e-06 2.24048e-06 1.12024e-06 1.12024e-06 2.61389e-06 2.24048e-06 7.46826e-07 3.73413e-07 1.12024e-06 1.49365e-06
5.60119e-06 4.10754e-06 5.22778e-06 2.98730e-06 2.98730e-06 1.86706e-06 2.98730e-06 2.98730e-06 3.73413e-06 4.48096e-06 4.10754e-06 3.36072e-06 4.10754e-06 3.73413e-06 2.61389e-06 4.10754e-06 2.61389e-06 2.61389e-06 4.48096e-06 3.73413e-06 3.36072e-06 4.85437e-06 3.36072e-06 2.61389e-06 3.73413e-06 3.36072e-06 2.61389e-06 3.73413e-06 5.97461e-06 3.73413e-06
7.46826e-06 4.48096e-06 4.10754e-06 3.73413e-06 3.73413e-06 1.86706e-06 1.49365e-06 1.86706e-06 4.10754e-06 2.98730e-06 4.85437e-06 3.36072e-06 2.98730e-06 4.10754e-06 2.24048e-06 2.24048e-06 2.24048e-06 2.24048e-06 3.36072e-06 3.73413e-06 3.36072e-06 2.24048e-06 2.98730e-06 5.22778e-06 2.61389e-06 4.48096e-06 4.85437e-06 3.73413e-06 4.48096e-06 5.60119e-06
5.97461e-06 5.60119e-06 4.48096e-06 5.22778e-06 3.73413e-06 1.86706e-06 1.86706e-06 4.10754e-06 2.98730e-06 1.12024e-06 2.24048e-06 2.24048e-06 2.24048e-06 2.98730e-06 2.61389e-06 5.22778e-06 3.73413e-06 3.73413e-06 4.10754e-06 5.22778e-06 4.48096e-06 1.86706e-06 3.73413e-06 4.48096e-06 3.73413e-06 4.10754e-06 3.36072e-06 4.48096e-06 4.10754e-06 7.46826e-06
1.49365e-06 1.12024e-06 1.12024e-06 2.98730e-06 1.86706e-06 1.49365e-06 1.86706e-06 1.86706e-06 7.46826e-07 7.46826e-07 7.46826e-07 1.49365e-06 2.24048e-06 1.86706e-06 1.12024e-06 1.49365e-06 1.86706e-06 1.86706e-06 2.24048e-06 1.12024e-06 3.73413e-07 3.73413e-07 1.86706e-06 2.61389e-06 1.12024e-06 3.73413e-07 1.49365e-06 1.12024e-06 2.61389e-06 2.98730e-06
3.73413e-06 2.24048e-06 2.61389e-06 1.86706e-06 1.12024e-06 2.24048e-06 1.49365e-06 1.12024e-06 7.46826e-07 7.46826e-07 7.46826e-07 1.12024e-06 2.61389e-06 2.61389e-06 1.49365e-06 1.12024e-06 2.24048e-06 1.86706e-06 2.24048e-06 0.00000e+00 0.00000e+00 2.24048e-06 2.98730e-06 1.49365e-06 0.00000e+00 3.73413e-07 1.12024e-06 7.46826e-07 1.12024e-06 2.24048e-06
3.36072e-06 1.12024e-06 1.49365e-06 1.12024e-06 1.86706e-06 1.86706e-06 1.12024e-06 1.86706e-06 1.12024e-06 1.49365e-06 7.46826e-07 3.73413e-07 1.49365e-06 1.49365e-06 7.46826e-07 3.73413e-07 3.73413e-07 1.49365e-06 1.12024e-06 1.12024e-06 1.12024e-06 1.49365e-06 1.12024e-06 7.46826e-07 1.12024e-06 7.46826e-07 7.46826e-07 1.86706e-06 1.86706e-06 2.61389e-06
2.98730e-06 2.61389e-06 1.49365e-06 1.86706e-06 1.49365e-06 1.49365e-06 1.49365e-06 7.46826e-07 1.12024e-06 1.86706e-06 7.46826e-07 3.73413e-07 1.12024e-06 1.49365e-06 7.46826e-07 1.49365e-06 7.46826e-07 7.46826e-07 1.49365e-06 3.73413e-07 3.73413e-07 7.46826e-07 7.46826e-07 3.73413e-07 1.12024e-06 1.12024e-06 7.46826e-07 7.46826e-07 1.49365e-06 2.24048e-06
3.36072e-06 7.46826e-07 1.49365e-06 3.73413e-07 1.12024e-06 1.86706e-06 7.46826e-07 3.73413e-07 1.12024e-06 1.49365e-06 7.46826e-07 0.00000e+00 0.00000e+00 1.12024e-06 0.00000e+00 7.46826e-07 3.73413e-07 1.49365e-06 7.46826e-07 1.12024e-06 1.49365e-06 1.12024e-06 1.49365e-06 1.12024e-06 1.12024e-06 7.46826e-07 7.46826e-07 1.12024e-06 3.73413e-07 2.24048e-06
4.10754e-06 2.24048e-06 1.86706e-06 1.12024e-06 1.86706e-06 3.73413e-07 7.46826e-07 1.12024e-06 7.46826e-07 7.46826e-07 3.73413e-07 7.46826e-07 1.12024e-06 7.46826e-07 3.73413e-07 7.46826e-07 1.86706e-06 1.12024e-06 7.46826e-07 1.12024e-06 1.49365e-06 0.00000e+00 7.46826e-07 7.46826e-07 1.12024e-06 3.73413e-07 3.73413e-07 0.00000e+00 3.73413e-07 1.12024e-06
1.49365e-06 2.24048e-06 2.98730e-06 2.61389e-06 1.12024e-06 7.46826e-07 1.12024e-06 7.46826e-07 1.12024e-06 7.46826e-07 1.49365e-06 7.46826e-07 1.49365e-06 7.46826e-07 1.12024e-06 3.73413e-07 1.49365e-06 1.86706e-06 7.46826e-07 3.73413e-07 1.12024e-06 7.46826e-07 7.46826e-07 1.49365e-06 1.49365e-06 7.46826e-07 1.12024e-06 7.46826e-07 7.46826e-07 2.24048e-06
1.12024e-06 1.86706e-06 1.49365e-06 2.61389e-06 1.86706e-06 7.46826e-07 1.49365e-06 2.24048e-06 7.46826e-07 1.49365e-06 2.61389e-06 1.86706e-06 1.12024e-06 1.86706e-06 1.12024e-06 1.49365e-06 2.98730e-06 1.49365e-06 1.12024e-06 7.46826e-07 1.86706e-06 1.49365e-06 1.12024e-06 1.86706e-06 1.12024e-06 1.49365e-06 1.86706e-06 1.12024e-06 7.46826e-07 1.86706e-06
2.24048e-06 2.61389e-06 7.46826e-07 1.86706e-06 1.12024e-06 3.73413e-07 7.46826e-07 1.49365e-06 7.46826e-07 1.12024e-06 0.00000e+00 3.73413e-07 1.12024e-06 1.86706e-06 1.12024e-06 1.86706e-06 1.49365e-06 1.49365e-06 1.12024e-06 1.86706e-06 1.86706e-06 1.12024e-06 1.12024e-06 3.73413e-07 7.46826e-07 1.86706e-06 1.86706e-06 7.46826e-07 7.46826e-07 1.86706e-06
7.46826e-07 0.00000e+00 1.12024e-06 7.46826e-07 1.12024e-06 1.12024e-06 1.12024e-06 2.61389e-06 1.12024e-06 2.24048e-06 1.12024e-06 1.12024e-06 1.12024e-06 1.49365e-06 1.49365e-06 1.49365e-06 3.73413e-07 3.73413e-07 1.12024e-06 1.12024e-06 1.49365e-06 7.46826e-07 7.46826e-07 7.46826e-07 7.46826e-07 2.24048e-06 2.24048e-06 7.46826e-07 2.61389e-06 2.98730e-06
2.98730e-06 7.46826e-07 1.49365e-06 2.61389e-06 2.61389e-06 1.86706e-06 1.86706e-06 7.46826e-07 1.86706e-06 3.73413e-07 0.00000e+00 0.00000e+00 1.12024e-06 1.86706e-06 1.49365e-06 1.49365e-06 1.12024e-06 0.00000e+00 7.46826e-07 1.12024e-06 2.24048e-06 2.24048e-06 1.49365e-06 2.61389e-06 1.12024e-06 0.00000e+00 3.73413e-07 3.73413e-07 3.73413e-07 1.12024e-06
3.36072e-06 1.49365e-06 1.12024e-06 7.46826e-07 2.24048e-06 7.46826e-07 3.73413e-07 1.86706e-06 2.61389e-06 1.12024e-06 7.46826e-07 3.73413e-07 1.12024e-06 7.46826e-07 1.86706e-06 1.86706e-06 0.00000e+00 0.00000e+00 7.46826e-07 7.46826e-07 1.86706e-06 1.49365e-06 1.12024e-06 7.46826e-07 1.86706e-06 1.49365e-06 0.00000e+00 3.73413e-07 1.12024e-06 1.86706e-06
2.61389e-06 1.49365e-06 3.73413e-07 3.73413e-07 1.49365e-06 2.24048e-06 1.12024e-06 1.49365e-06 1.49365e-06 1.86706e-06 7.46826e-07 7.46826e-07 7.46826e-07 7.46826e-07 2.24048e-06 1.12024e-06 7.46826e-07 1.12024e-06 1.49365e-06 7.46826e-07 1.12024e-06 1.49365e-06 2.24048e-06 3.36072e-06 3.73413e-06 1.49365e-06 0.00000e+00 1.49365e-06 3.73413e-07 2.98730e-06
4.48096e-06 2.98730e-06 1.86706e-06 1.12024e-06 1.49365e-06 1.49365e-06 7.46826e-07 1.12024e-06 1.49365e-06 2.61389e-06 0.00000e+00 7.46826e-07 2.24048e-06 1.12024e-06 2.24048e-06 3.73413e-07 7.46826e-07 7.46826e-07 2.24048e-06 1.12024e-06 3.73413e-07 3.73413e-07 1.49365e-06 2.98730e-06 7.46826e-07 1.12024e-06 1.49365e-06 1.12024e-06 2.24048e-06 3.73413e-06
3.36072e-06 2.24048e-06 3.73413e-07 2.24048e-06 3.36072e-06 4.85437e-06 2.98730e-06 2.24048e-06 2.61389e-06 1.12024e-06 1.49365e-06 2.98730e-06 3.36072e-06 2.24048e-06 3.36072e-06 2.24048e-06 1.49365e-06 1.12024e-06 1.49365e-06 1.12024e-06 1.49365e-06 1.49365e-06 2.24048e-06 2.98730e-06 2.61389e-06 1.49365e-06 1.49365e-06 1.49365e-06 1.49365e-06 4.48096e-06
