7.12879e-06 2.71573e-06 2.37626e-06 5.09200e-06 3.39466e-06 3.73413e-06 5.09200e-06 4.07360e-06 3.05520e-06 4.07360e-06 4.07360e-06 4.07360e-06 2.71573e-06 1.69733e-06 4.07360e-06 4.07360e-06 4.75253e-06 5.77093e-06 4.75253e-06 4.75253e-06 4.07360e-06 3.73413e-06 3.39466e-06 2.37626e-06 3.05520e-06 2.37626e-06 4.75253e-06 5.09200e-06 6.44986e-06 6.78933e-06
6.44986e-06 2.71573e-06 3.39466e-06 4.75253e-06 3.39466e-06 2.37626e-06 2.03680e-06 1.69733e-06 1.01840e-06 2.37626e-06 2.37626e-06 2.37626e-06 1.35787e-06 3.39466e-06 2.71573e-06 3.73413e-06 3.05520e-06 1.69733e-06 2.37626e-06 3.05520e-06 3.73413e-06 4.41306e-06 4.07360e-06 3.73413e-06 1.69733e-06 2.03680e-06 2.71573e-06 3.39466e-06 3.73413e-06 3.39466e-06
3.05520e-06 1.69733e-06 1.01840e-06 1.35787e-06 1.35787e-06 1.35787e-06 6.78933e-07 1.01840e-06 6.78933e-07 3.39466e-07 0.00000e+00 1.01840e-06 6.78933e-07 6.78933e-07 1.69733e-06 1.35787e-06 1.35787e-06 3.39466e-07 6.78933e-07 2.37626e-06 1.35787e-06 2.03680e-06 2.03680e-06 1.35787e-06 1.35787e-06 1.69733e-06 1.69733e-06 2.03680e-06 2.37626e-06 3.73413e-06
3.39466e-06 1.69733e-06 1.01840e-06 1.69733e-06 1.35787e-06 1.69733e-06 2.37626e-06 1.69733e-06 6.78933e-07 0.00000e+00 6.78933e-07 1.01840e-06 1.35787e-06 6.78933e-07 1.69733e-06 1.69733e-06 3.39466e-07 6.78933e-07 6.78933e-07 1.35787e-06 3.39466e-07 1.01840e-06 1.35787e-06 1.01840e-06 1.35787e-06 1.35787e-06 2.37626e-06 2.03680e-06 2.71573e-06 3.73413e-06
2.03680e-06 1.69733e-06 2.71573e-06 6.78933e-07 1.01840e-06 2.03680e-06 1.35787e-06 1.69733e-06 6.78933e-07 2.03680e-06 1.69733e-06 3.39466e-07 1.69733e-06 2.37626e-06 3.39466e-07 6.78933e-07 1.35787e-06 6.78933e-07 6.78933e-07 1.35787e-06 6.78933e-07 1.69733e-06 6.78933e-07 1.69733e-06 3.39466e-07 2.71573e-06 2.37626e-06 1.69733e-06 2.03680e-06 2.03680e-06
2.71573e-06 0.00000e+00 1.01840e-06 6.78933e-07 0.00000e+00 6.78933e-07 1.69733e-06 1.35787e-06 3.39466e-07 1.35787e-06 6.78933e-07 1.35787e-06 2.37626e-06 1.01840e-06 1.35787e-06 1.01840e-06 6.78933e-07 0.00000e+00 3.39466e-07 3.39466e-07 1.01840e-06 1.35787e-06 1.35787e-06 6.78933e-07 1.35787e-06 1.35787e-06 1.01840e-06 0.00000e+00 6.78933e-07 2.37626e-06
1.69733e-06 2.03680e-06 6.78933e-07 1.35787e-06 1.35787e-06 1.35787e-06 1.69733e-06 1.01840e-06 1.35787e-06 1.69733e-06 1.69733e-06 2.03680e-06 2.03680e-06 1.35787e-06 2.03680e-06 6.78933e-07 1.01840e-06 1.35787e-06 1.35787e-06 1.69733e-06 2.37626e-06 1.35787e-06 6.78933e-07 6.78933e-07 6.78933e-07 6.78933e-07 1.01840e-06 6.78933e-07 1.35787e-06 3.73413e-06
2.37626e-06 1.35787e-06 3.39466e-07 2.03680e-06 1.35787e-06 3.39466e-07 2.03680e-06 3.39466e-07 6.78933e-07 1.01840e-06 1.35787e-06 1.35787e-06 3.39466e-07 6.78933e-07 6.78933e-07 2.03680e-06 2.03680e-06 0.00000e+00 1.01840e-06 1.35787e-06 2.71573e-06 1.69733e-06 1.01840e-06 1.69733e-06 1.69733e-06 1.69733e-06 2.37626e-06 1.01840e-06 1.69733e-06 3.05520e-06
3.73413e-06 2.37626e-06 2.71573e-06 2.37626e-06 3.39466e-06 1.69733e-06 3.05520e-06 2.03680e-06 1.01840e-06 3.05520e-06 2.71573e-06 4.75253e-06 5.09200e-06 3.39466e-06 1.35787e-06 1.35787e-06 2.37626e-06 2.71573e-06 2.37626e-06 1.69733e-06 3.05520e-06 3.05520e-06 2.71573e-06 3.05520e-06 4.07360e-06 2.71573e-06 1.69733e-06 3.39466e-06 4.41306e-06 6.44986e-06
4.41306e-06 2.03680e-06 3.39466e-07 2.03680e-06 2.37626e-06 3.39466e-06 3.39466e-06 3.05520e-06 2.03680e-06 2.03680e-06 2.03680e-06 3.05520e-06 3.05520e-06 2.71573e-06 2.71573e-06 2.03680e-06 3.39466e-06 3.73413e-06 4.07360e-06 3.05520e-06 2.71573e-06 2.03680e-06 2.71573e-06 3.05520e-06 4.07360e-06 1.69733e-06 2.71573e-06 3.73413e-06 3.73413e-06 3.05520e-06
2.71573e-06 2.03680e-06 1.35787e-06 1.35787e-06 6.78933e-07 1.01840e-06 1.69733e-06 1.35787e-06 1.01840e-06 1.01840e-06 3.39466e-07 6.78933e-07 3.39466e-07 1.01840e-06 1.69733e-06 1.01840e-06 1.69733e-06 3.39466e-07 3.39466e-07 0.00000e+00 6.78933e-07 1.01840e-06 3.39466e-07 1.69733e-06 6.78933e-07 6.78933e-07 1.35787e-06 2.03680e-06 1.35787e-06 1.35787e-06
4.07360e-06 1.69733e-06 6.78933e-07 6.78933e-07 6.78933e-07 1.01840e-06 1.69733e-06 1.01840e-06 2.03680e-06 2.37626e-06 1.01840e-06 1.35787e-06 6.78933e-07 3.39466e-07 3.39466e-07 1.01840e-06 2.03680e-06 3.39466e-07 3.39466e-07 0.00000e+00 1.01840e-06 1.35787e-06 0.00000e+00 3.39466e-07 1.01840e-06 1.35787e-06 1.69733e-06 3.05520e-06 2.03680e-06 1.69733e-06
3.39466e-06 1.01840e-06 3.39466e-07 1.35787e-06 1.01840e-06 2.03680e-06 2.37626e-06 1.35787e-06 1.69733e-06 1.69733e-06 1.01840e-06 1.35787e-06 1.01840e-06 6.78933e-07 1.01840e-06 3.39466e-07 1.01840e-06 6.78933e-07 6.78933e-07 1.35787e-06 3.39466e-07 0.00000e+00 1.69733e-06 1.69733e-06 1.01840e-06 1.35787e-06 0.00000e+00 1.35787e-06 1.69733e-06 2.71573e-06
1.69733e-06 2.37626e-06 6.78933e-07 1.01840e-06 1.69733e-06 2.71573e-06 1.35787e-06 1.35787e-06 2.03680e-06 2.03680e-06 3.39466e-07 3.39466e-07 3.39466e-07 6.78933e-07 1.01840e-06 2.37626e-06 1.69733e-06 2.37626e-06 1.35787e-06 1.35787e-06 1.01840e-06 1.01840e-06 2.03680e-06 1.35787e-06 3.39466e-07 3.39466e-07 3.39466e-07 1.35787e-06 2.03680e-06 2.71573e-06
3.39466e-06 1.69733e-06 1.35787e-06 1.01840e-06 3.39466e-07 6.78933e-07 6.78933e-07 6.78933e-07 2.03680e-06 1.35787e-06 1.01840e-06 6.78933e-07 6.78933e-07 6.78933e-07 1.01840e-06 3.39466e-07 2.37626e-06 1.69733e-06 1.01840e-06 1.35787e-06 2.71573e-06 2.03680e-06 1.01840e-06 1.01840e-06 6.78933e-07 6.78933e-07 0.00000e+00 1.35787e-06 1.35787e-06 3.39466e-06
3.39466e-06 1.35787e-06 2.03680e-06 6.78933e-07 3.39466e-07 1.01840e-06 1.35787e-06 1.69733e-06 2.03680e-06 1.69733e-06 1.01840e-06 1.35787e-06 1.69733e-06 2.03680e-06 2.71573e-06 2.37626e-06 6.78933e-07 1.69733e-06 1.01840e-06 1.35787e-06 1.35787e-06 1.35787e-06 1.01840e-06 6.78933e-07 6.78933e-07 1.01840e-06 1.35787e-06 1.01840e-06 1.01840e-06 2.03680e-06
3.73413e-06 2.71573e-06 1.01840e-06 2.71573e-06 1.69733e-06 1.01840e-06 2.71573e-06 4.75253e-06 4.75253e-06 3.05520e-06 2.37626e-06 1.35787e-06 1.01840e-06 2.03680e-06 3.73413e-06 3.39466e-06 2.03680e-06 2.37626e-06 3.05520e-06 2.37626e-06 4.07360e-06 2.37626e-06 2.71573e-06 1.35787e-06 1.35787e-06 2.37626e-06 2.37626e-06 4.07360e-06 3.05520e-06 6.78933e-06
4.41306e-06 3.05520e-06 2.03680e-06 3.73413e-06 2.71573e-06 2.03680e-06 2.03680e-06 3.73413e-06 2.03680e-06 2.71573e-06 1.69733e-06 6.78933e-07 1.01840e-06 1.35787e-06 1.69733e-06 2.03680e-06 2.37626e-06 1.69733e-06 1.01840e-06 2.03680e-06 2.71573e-06 3.05520e-06 1.35787e-06 1.69733e-06 2.03680e-06 2.71573e-06 3.73413e-06 7.12879e-06 5.77093e-06 8.14719e-06
2.37626e-06 1.69733e-06 1.01840e-06 6.78933e-07 1.35787e-06 2.03680e-06 2.03680e-06 1.35787e-06 6.78933e-07 1.69733e-06 1.69733e-06 1.35787e-06 3.39466e-07 6.78933e-07 1.35787e-06 1.01840e-06 1.69733e-06 6.78933e-07 6.78933e-07 6.78933e-07 1.01840e-06 1.69733e-06 1.69733e-06 1.01840e-06 3.39466e-07 3.39466e-07 2.03680e-06 4.41306e-06 2.37626e-06 2.03680e-06
2.37626e-06 1.69733e-06 6.78933e-07 2.03680e-06 1.69733e-06 6.78933e-07 3.39466e-07 1.35787e-06 1.01840e-06 1.35787e-06 1.35787e-06 1.35787e-06 1.35787e-06 1.01840e-06 1.01840e-06 1.69733e-06 3.39466e-07 0.00000e+00 1.35787e-06 1.01840e-06 1.01840e-06 1.69733e-06 2.03680e-06 3.39466e-07 6.78933e-07 1.69733e-06 2.03680e-06 2.03680e-06 2.03680e-06 3.05520e-06
2.37626e-06 2.03680e-06 6.78933e-07 1.35787e-06 2.71573e-06 1.01840e-06 2.37626e-06 1.01840e-06 1.35787e-06 2.37626e-06 3.39466e-07 3.39466e-07 3.39466e-07 1.01840e-06 2.03680e-06 6.78933e-07 1.35787e-06 1.01840e-06 6.78933e-07 1.35787e-06 1.69733e-06 0.00000e+00 6.78933e-07 1.35787e-06 1.01840e-06 3.39466e-07 1.01840e-06 1.35787e-06 2.03680e-06 3.39466e-06
1.69733e-06 3.39466e-07 1.35787e-06 1.69733e-06 1.69733e-06 2.37626e-06 2.71573e-06 2.03680e-06 1.69733e-06 2.37626e-06 6.78933e-07 1.01840e-06 1.01840e-06 2.03680e-06 3.05520e-06 1.01840e-06 2.03680e-06 6.78933e-07 1.01840e-06 3.39466e-07 1.35787e-06 6.78933e-07 3.39466e-07 0.00000e+00 3.39466e-07 1.01840e-06 1.35787e-06 1.35787e-06 6.78933e-07 3.05520e-06
2.03680e-06 1.01840e-06 6.78933e-07 1.01840e-06 6.78933e-07 1.01840e-06 1.35787e-06 1.01840e-06 1.69733e-06 1.69733e-06 0.00000e+00 6.78933e-07 1.01840e-06 1.35787e-06 2.03680e-06 2.03680e-06 6.78933e-07 1.01840e-06 1.01840e-06 6.78933e-07 1.35787e-06 1.01840e-06 6.78933e-07 1.01840e-06 2.03680e-06 3.39466e-07 3.39466e-07 6.78933e-07 6.78933e-07 3.05520e-06
1.01840e-06 3.39466e-07 6.78933e-07 3.39466e-07 1.01840e-06 2.37626e-06 1.69733e-06 6.78933e-07 1.01840e-06 1.01840e-06 1.35787e-06 1.35787e-06 3.39466e-07 6.78933e-07 1.69733e-06 1.35787e-06 1.35787e-06 6.78933e-07 6.78933e-07 1.01840e-06 6.78933e-07 1.35787e-06 1.35787e-06 6.78933e-07 1.69733e-06 1.35787e-06 1.35787e-06 3.39466e-07 1.35787e-06 2.71573e-06
3.39466e-06 2.37626e-06 2.71573e-06 2.03680e-06 2.37626e-06 2.37626e-06 3.73413e-06 2.37626e-06 2.03680e-06 1.69733e-06 2.03680e-06 1.35787e-06 1.35787e-06 1.69733e-06 3.05520e-06 3.73413e-06 2.71573e-06 3.05520e-06 3.39466e-06 2.71573e-06 2.37626e-06 2.37626e-06 2.71573e-06 1.69733e-06 3.39466e-06 3.05520e-06 3.05520e-06 2.37626e-06 2.37626e-06 3.73413e-06
2.37626e-06 1.69733e-06 1.01840e-06 1.01840e-06 1.69733e-06 2.03680e-06 6.78933e-07 2.37626e-06 1.69733e-06 1.69733e-06 2.37626e-06 1.69733e-06 1.01840e-06 2.71573e-06 2.71573e-06 1.35787e-06 6.78933e-07 2.03680e-06 2.37626e-06 2.03680e-06 2.03680e-06 4.07360e-06 1.01840e-06 1.35787e-06 6.78933e-07 3.39466e-06 2.03680e-06 1.69733e-06 3.39466e-06 4.41306e-06
2.37626e-06 1.01840e-06 3.39466e-07 1.01840e-06 6.78933e-07 1.01840e-06 1.69733e-06 1.69733e-06 1.01840e-06 0.00000e+00 3.39466e-07 6.78933e-07 1.01840e-06 1.69733e-06 2.03680e-06 2.03680e-06 3.39466e-07 3.39466e-07 1.35787e-06 1.01840e-06 1.35787e-06 6.78933e-07 2.03680e-06 6.78933e-07 3.39466e-07 1.69733e-06 1.69733e-06 1.35787e-06 1.35787e-06 3.73413e-06
2.03680e-06 1.01840e-06 6.78933e-07 1.69733e-06 1.01840e-06 2.37626e-06 1.69733e-06 1.69733e-06 0.00000e+00 0.00000e+00 6.78933e-07 1.01840e-06 2.03680e-06 2.37626e-06 1.01840e-06 1.69733e-06 1.01840e-06 1.01840e-06 6.78933e-07 1.69733e-06 3.05520e-06 2.71573e-06 6.78933e-07 6.78933e-07 6.78933e-07 3.39466e-07 2.37626e-06 2.37626e-06 3.05520e-06 2.37626e-06
6.78933e-07 6.78933e-07 1.35787e-06 1.69733e-06 1.69733e-06 2.37626e-06 2.03680e-06 2.03680e-06 6.78933e-07 3.39466e-07 1.35787e-06 1.35787e-06 6.78933e-07 1.01840e-06 1.01840e-06 1.01840e-06 6.78933e-07 0.00000e+00 1.01840e-06 1.35787e-06 3.05520e-06 1.35787e-06 1.35787e-06 1.01840e-06 1.35787e-06 1.01840e-06 6.78933e-07 2.37626e-06 6.78933e-07 3.39466e-06
1.69733e-06 1.01840e-06 6.78933e-07 1.35787e-06 6.78933e-07 1.35787e-06 2.71573e-06 1.35787e-06 1.35787e-06 1.01840e-06 3.39466e-07 3.39466e-07 6.78933e-07 1.69733e-06 3.39466e-07 2.03680e-06 1.69733e-06 1.01840e-06 1.01840e-06 6.78933e-07 3.39466e-07 6.78933e-07 6.78933e-07 1.35787e-06 6.78933e-07 1.69733e-06 6.78933e-07 6.78933e-07 6.78933e-07 2.71573e-06
2.37626e-06 3.39466e-07 1.01840e-06 1.01840e-06 1.69733e-06 3.39466e-06 2.37626e-06 1.01840e-06 2.03680e-06 3.39466e-07 3.39466e-07 6.78933e-07 3.39466e-07 6.78933e-07 1.35787e-06 2.37626e-06 1.35787e-06 1.01840e-06 0.00000e+00 6.78933e-07 1.69733e-06 1.01840e-06 1.01840e-06 1.01840e-06 3.39466e-07 1.01840e-06 1.69733e-06 1.69733e-06 1.01840e-06 6.78933e-07
2.03680e-06 3.39466e-07 3.39466e-07 3.39466e-07 2.37626e-06 2.03680e-06 0.00000e+00 1.01840e-06 1.35787e-06 1.35787e-06 1.01840e-06 1.01840e-06 1.01840e-06 1.35787e-06 1.69733e-06 3.39466e-07 1.35787e-06 3.39466e-07 1.01840e-06 1.35787e-06 1.69733e-06 1.01840e-06 3.39466e-07 0.00000e+00 1.01840e-06 6.78933e-07 1.35787e-06 1.01840e-06 1.69733e-06 3.05520e-06
5.43146e-06 2.03680e-06 2.71573e-06 3.39466e-06 4.75253e-06 4.75253e-06 2.03680e-06 2.03680e-06 1.69733e-06 2.03680e-06 2.71573e-06 2.37626e-06 2.37626e-06 3.39466e-06 2.03680e-06 1.69733e-06 2.03680e-06 2.03680e-06 2.37626e-06 3.05520e-06 4.07360e-06 2.03680e-06 2.71573e-06 1.01840e-06 1.69733e-06 2.03680e-06 2.03680e-06 2.03680e-06 4.07360e-06 4.07360e-06
6.11039e-06 2.03680e-06 3.73413e-06 2.03680e-06 2.37626e-06 2.03680e-06 1.01840e-06 0.00000e+00 1.69733e-06 2.37626e-06 1.69733e-06 3.05520e-06 1.69733e-06 2.37626e-06 3.73413e-06 1.35787e-06 1.01840e-06 2.37626e-06 3.05520e-06 2.37626e-06 3.39466e-06 1.69733e-06 2.37626e-06 2.71573e-06 2.03680e-06 2.03680e-06 3.05520e-06 2.71573e-06 2.03680e-06 5.43146e-06
2.37626e-06 1.35787e-06 1.35787e-06 2.71573e-06 1.69733e-06 2.03680e-06 3.39466e-07 6.78933e-07 1.01840e-06 3.39466e-07 1.35787e-06 1.35787e-06 6.78933e-07 1.69733e-06 1.35787e-06 0.00000e+00 3.39466e-07 1.01840e-06 1.01840e-06 1.01840e-06 3.39466e-07 1.01840e-06 1.01840e-06 2.37626e-06 2.37626e-06 6.78933e-07 1.35787e-06 1.35787e-06 2.03680e-06 2.71573e-06
1.69733e-06 1.01840e-06 3.05520e-06 2.03680e-06 1.35787e-06 2.03680e-06 2.03680e-06 3.39466e-07 1.01840e-06 2.03680e-06 2.03680e-06 1.35787e-06 6.78933e-07 1.35787e-06 1.69733e-06 3.39466e-07 3.39466e-07 0.00000e+00 6.78933e-07 1.01840e-06 6.78933e-07 2.03680e-06 1.35787e-06 2.71573e-06 6.78933e-07 1.35787e-06 1.69733e-06 1.01840e-06 1.69733e-06 4.07360e-06
1.01840e-06 1.01840e-06 2.37626e-06 1.35787e-06 1.69733e-06 1.35787e-06 1.01840e-06 1.35787e-06 6.78933e-07 6.78933e-07 2.03680e-06 6.78933e-07 3.39466e-07 6.78933e-07 6.78933e-07 3.39466e-07 6.78933e-07 0.00000e+00 6.78933e-07 1.35787e-06 1.01840e-06 3.39466e-07 1.01840e-06 2.03680e-06 3.05520e-06 2.37626e-06 3.39466e-06 2.03680e-06 6.78933e-07 3.73413e-06
2.03680e-06 6.78933e-07 3.39466e-07 1.01840e-06 3.39466e-07 1.35787e-06 1.69733e-06 2.03680e-06 0.00000e+00 6.78933e-07 1.69733e-06 1.01840e-06 3.39466e-07 0.00000e+00 3.39466e-07 3.39466e-07 3.39466e-07 0.00000e+00 3.39466e-07 6.78933e-07 3.39466e-07 1.35787e-06 1.01840e-06 1.35787e-06 2.03680e-06 1.69733e-06 1.69733e-06 3.05520e-06 2.37626e-06 3.05520e-06
3.05520e-06 1.01840e-06 6.78933e-07 1.35787e-06 6.78933e-07 2.37626e-06 2.03680e-06 1.69733e-06 2.71573e-06 1.01840e-06 1.01840e-06 1.01840e-06 2.03680e-06 1.69733e-06 1.01840e-06 3.39466e-07 6.78933e-07 3.39466e-07 1.01840e-06 1.69733e-06 1.35787e-06 1.01840e-06 3.39466e-07 1.69733e-06 1.01840e-06 2.71573e-06 2.03680e-06 3.39466e-06 2.37626e-06 2.37626e-06
2.71573e-06 2.71573e-06 6.78933e-07 1.69733e-06 1.35787e-06 6.78933e-07 1.35787e-06 2.03680e-06 6.78933e-07 1.01840e-06 2.03680e-06 1.01840e-06 1.35787e-06 6.78933e-07 1.35787e-06 6.78933e-07 3.39466e-07 3.39466e-07 3.39466e-07 2.03680e-06 2.03680e-06 1.69733e-06 1.35787e-06 3.39466e-07 1.69733e-06 1.35787e-06 1.01840e-06 1.69733e-06 1.01840e-06 2.03680e-06
5.43146e-06 4.41306e-06 3.73413e-06 3.73413e-06 1.69733e-06 1.69733e-06 1.35787e-06 2.03680e-06 3.39466e-06 3.73413e-06 2.03680e-06 1.69733e-06 1.69733e-06 1.69733e-06 2.37626e-06 1.01840e-06 1.35787e-06 1.35787e-06 1.35787e-06 1.35787e-06 1.35787e-06 1.35787e-06 2.37626e-06 1.69733e-06 1.35787e-06 3.39466e-06 3.05520e-06 3.05520e-06 3.05520e-06 3.05520e-06
7.12879e-06 4.75253e-06 1.69733e-06 3.05520e-06 2.37626e-06 2.37626e-06 1.69733e-06 2.03680e-06 2.71573e-06 1.01840e-06 2.03680e-06 3.05520e-06 1.69733e-06 1.69733e-06 1.69733e-06 1.69733e-06 2.03680e-06 1.35787e-06 1.35787e-06 1.01840e-06 6.78933e-07 6.78933e-07 2.03680e-06 2.71573e-06 2.71573e-06 3.73413e-06 3.39466e-06 1.35787e-06 3.73413e-06 5.43146e-06
2.03680e-06 3.39466e-06 1.35787e-06 2.37626e-06 1.69733e-06 3.39466e-07 1.01840e-06 1.69733e-06 1.69733e-06 1.69733e-06 1.01840e-06 1.01840e-06 6.78933e-07 6.78933e-07 6.78933e-07 0.00000e+00 3.39466e-07 6.78933e-07 3.39466e-07 1.35787e-06 1.35787e-06 6.78933e-07 0.00000e+00 6.78933e-07 2.03680e-06 2.03680e-06 1.35787e-06 1.01840e-06 1.69733e-06 1.69733e-06
2.71573e-06 2.37626e-06 1.35787e-06 1.35787e-06 2.03680e-06 1.35787e-06 3.39466e-07 6.78933e-07 1.69733e-06 1.35787e-06 2.03680e-06 6.78933e-07 1.35787e-06 3.39466e-07 3.39466e-07 6.78933e-07 1.35787e-06 3.39466e-07 1.01840e-06 6.78933e-07 0.00000e+00 6.78933e-07 1.01840e-06 1.01840e-06 6.78933e-07 1.35787e-06 1.01840e-06 2.37626e-06 2.71573e-06 3.05520e-06
2.37626e-06 1.35787e-06 1.01840e-06 6.78933e-07 6.78933e-07 1.01840e-06 1.35787e-06 1.01840e-06 2.03680e-06 1.69733e-06 6.78933e-07 0.00000e+00 1.01840e-06 6.78933e-07 6.78933e-07 1.35787e-06 1.69733e-06 1.69733e-06 1.35787e-06 0.00000e+00 6.78933e-07 1.01840e-06 1.01840e-06 6.78933e-07 3.39466e-07 1.69733e-06 2.03680e-06 2.37626e-06 1.35787e-06 3.05520e-06
3.05520e-06 1.69733e-06 6.78933e-07 6.78933e-07 1.69733e-06 1.01840e-06 6.78933e-07 1.01840e-06 1.35787e-06 1.01840e-06 6.78933e-07 2.03680e-06 1.69733e-06 6.78933e-07 3.39466e-07 3.39466e-07 2.03680e-06 1.01840e-06 1.01840e-06 6.78933e-07 1.35787e-06 1.35787e-06 0.00000e+00 6.78933e-07 3.39466e-07 1.35787e-06 1.35787e-06 3.39466e-07 1.35787e-06 2.03680e-06
1.69733e-06 6.78933e-07 0.00000e+00 1.35787e-06 6.78933e-07 1.35787e-06 6.78933e-07 6.78933e-07 3.39466e-07 3.39466e-07 3.39466e-07 1.35787e-06 3.39466e-06 1.01840e-06 3.39466e-07 1.01840e-06 3.39466e-07 6.78933e-07 1.35787e-06 1.01840e-06 6.78933e-07 1.01840e-06 1.35787e-06 1.35787e-06 3.39466e-07 2.37626e-06 3.05520e-06 1.69733e-06 2.37626e-06 2.71573e-06
1.01840e-06 1.69733e-06 1.01840e-06 1.35787e-06 3.39466e-07 1.01840e-06 6.78933e-07 1.69733e-06 1.35787e-06 1.01840e-06 3.39466e-07 1.69733e-06 1.35787e-06 1.01840e-06 3.39466e-07 0.00000e+00 3.39466e-07 6.78933e-07 1.01840e-06 6.78933e-07 1.35787e-06 2.03680e-06 1.01840e-06 1.01840e-06 1.35787e-06 6.78933e-07 1.35787e-06 1.35787e-06 1.69733e-06 2.71573e-06
4.07360e-06 2.71573e-06 2.71573e-06 2.37626e-06 1.35787e-06 2.03680e-06 1.35787e-06 2.37626e-06 3.39466e-06 3.39466e-06 1.35787e-06 3.05520e-06 1.35787e-06 1.35787e-06 2.37626e-06 1.01840e-06 2.37626e-06 2.71573e-06 2.71573e-06 1.35787e-06 2.37626e-06 2.03680e-06 4.07360e-06 2.37626e-06 2.03680e-06 3.39466e-06 3.05520e-06 3.73413e-06 2.71573e-06 4.41306e-06
3.39466e-06 1.69733e-06 1.35787e-06 6.78933e-07 2.03680e-06 3.05520e-06 1.69733e-06 2.03680e-06 2.37626e-06 3.05520e-06 2.37626e-06 2.37626e-06 1.35787e-06 1.69733e-06 2.03680e-06 2.71573e-06 2.03680e-06 1.69733e-06 2.03680e-06 2.37626e-06 2.03680e-06 3.39466e-06 2.71573e-06 3.05520e-06 2.03680e-06 2.71573e-06 4.41306e-06 3.05520e-06 3.05520e-06 4.41306e-06
6.78933e-07 3.39466e-07 3.39466e-07 6.78933e-07 1.35787e-06 1.01840e-06 6.78933e-07 1.01840e-06 1.01840e-06 2.37626e-06 1.35787e-06 1.01840e-06 1.01840e-06 6.78933e-07 1.01840e-06 6.78933e-07 3.39466e-07 3.39466e-07 1.69733e-06 2.03680e-06 1.35787e-06 1.35787e-06 2.37626e-06 2.03680e-06 2.03680e-06 1.01840e-06 1.69733e-06 1.69733e-06 6.78933e-07 1.69733e-06
3.39466e-06 2.71573e-06 2.37626e-06 2.37626e-06 1.01840e-06 3.39466e-07 1.35787e-06 1.01840e-06 6.78933e-07 1.01840e-06 6.78933e-07 6.78933e-07 0.00000e+00 1.69733e-06 1.69733e-06 1.35787e-06 1.35787e-06 1.69733e-06 1.69733e-06 6.78933e-07 1.01840e-06 1.01840e-06 1.69733e-06 3.05520e-06 2.37626e-06 1.01840e-06 1.35787e-06 1.35787e-06 1.69733e-06 2.71573e-06
3.05520e-06 1.69733e-06 2.03680e-06 2.03680e-06 1.69733e-06 6.78933e-07 6.78933e-07 6.78933e-07 1.01840e-06 6.78933e-07 2.37626e-06 1.01840e-06 1.01840e-06 1.01840e-06 1.35787e-06 6.78933e-07 1.01840e-06 1.01840e-06 1.01840e-06 1.35787e-06 2.37626e-06 1.35787e-06 2.71573e-06 2.71573e-06 1.01840e-06 6.78933e-07 1.69733e-06 1.01840e-06 6.78933e-07 3.05520e-06
2.03680e-06 6.78933e-07 1.35787e-06 1.01840e-06 1.01840e-06 6.78933e-07 0.00000e+00 6.78933e-07 1.35787e-06 1.01840e-06 1.01840e-06 6.78933e-07 1.01840e-06 1.35787e-06 6.78933e-07 3.39466e-07 1.01840e-06 1.35787e-06 3.39466e-07 0.00000e+00 6.78933e-07 1.35787e-06 2.03680e-06 2.71573e-06 1.35787e-06 3.39466e-07 3.39466e-07 1.01840e-06 3.39466e-07 1.69733e-06
2.37626e-06 3.39466e-07 1.69733e-06 1.01840e-06 1.01840e-06 1.35787e-06 1.69733e-06 1.01840e-06 3.39466e-07 1.01840e-06 1.01840e-06 1.35787e-06 1.35787e-06 2.03680e-06 2.37626e-06 2.71573e-06 6.78933e-07 6.78933e-07 1.01840e-06 6.78933e-07 1.35787e-06 1.01840e-06 1.01840e-06 2.37626e-06 2.03680e-06 1.01840e-06 6.78933e-07 1.35787e-06 1.35787e-06 2.37626e-06
2.37626e-06 6.78933e-07 6.78933e-07 1.35787e-06 1.35787e-06 1.35787e-06 2.37626e-06 1.69733e-06 2.03680e-06 3.39466e-07 1.35787e-06 2.37626e-06 1.69733e-06 1.01840e-06 1.01840e-06 6.78933e-07 1.01840e-06 3.39466e-07 3.39466e-07 1.69733e-06 6.78933e-07 6.78933e-07 1.01840e-06 1.69733e-06 6.78933e-07 6.78933e-07 0.00000e+00 0.00000e+00 3.39466e-07 2.37626e-06
4.41306e-06 4.07360e-06 3.05520e-06 2.37626e-06 2.71573e-06 2.71573e-06 1.69733e-06 2.03680e-06 3.39466e-06 2.03680e-06 2.37626e-06 2.71573e-06 1.69733e-06 2.03680e-06 1.01840e-06 1.69733e-06 1.69733e-06 1.69733e-06 1.69733e-06 1.01840e-06 2.03680e-06 2.71573e-06 2.03680e-06 2.71573e-06 2.37626e-06 3.39466e-06 2.03680e-06 2.71573e-06 4.07360e-06 4.41306e-06
3.73413e-06 2.03680e-06 3.39466e-06 4.07360e-06 2.71573e-06 3.05520e-06 3.05520e-06 4.41306e-06 3.05520e-06 1.69733e-06 1.69733e-06 2.71573e-06 2.03680e-06 1.69733e-06 1.69733e-06 1.69733e-06 1.35787e-06 2.37626e-06 1.69733e-06 1.35787e-06 1.01840e-06 1.35787e-06 2.71573e-06 2.03680e-06 2.03680e-06 2.71573e-06 3.73413e-06 3.05520e-06 2.37626e-06 1.69733e-06
1.01840e-06 3.39466e-07 2.03680e-06 2.03680e-06 1.35787e-06 6.78933e-07 1.01840e-06 6.78933e-07 3.39466e-07 6.78933e-07 3.39466e-07 3.39466e-07 1.35787e-06 1.01840e-06 6.78933e-07 3.39466e-07 1.35787e-06 1.01840e-06 1.35787e-06 1.69733e-06 1.01840e-06 1.69733e-06 1.01840e-06 1.35787e-06 1.35787e-06 6.78933e-07 1.01840e-06 3.39466e-07 1.69733e-06 2.37626e-06
1.69733e-06 1.35787e-06 1.01840e-06 2.03680e-06 1.35787e-06 1.01840e-06 2.03680e-06 1.01840e-06 1.35787e-06 0.00000e+00 6.78933e-07 1.35787e-06 1.01840e-06 6.78933e-07 3.39466e-07 1.35787e-06 6.78933e-07 2.03680e-06 3.73413e-06 2.37626e-06 1.69733e-06 6.78933e-07 6.78933e-07 2.03680e-06 2.03680e-06 1.69733e-06 2.03680e-06 2.03680e-06 2.71573e-06 2.71573e-06
2.71573e-06 1.01840e-06 2.37626e-06 1.01840e-06 1.01840e-06 6.78933e-07 6.78933e-07 1.35787e-06 6.78933e-07 6.78933e-07 3.39466e-07 3.39466e-07 6.78933e-07 2.03680e-06 1.35787e-06 6.78933e-07 3.39466e-07 2.03680e-06 1.01840e-06 1.01840e-06 3.39466e-07 3.39466e-07 1.35787e-06 1.01840e-06 0.00000e+00 1.35787e-06 1.69733e-06 3.05520e-06 1.01840e-06 2.37626e-06
2.71573e-06 1.69733e-06 2.37626e-06 1.69733e-06 1.69733e-06 3.39466e-07 1.01840e-06 1.35787e-06 3.39466e-07 6.78933e-07 3.39466e-07 1.01840e-06 1.01840e-06 1.01840e-06 1.01840e-06 0.00000e+00 1.01840e-06 1.69733e-06 2.71573e-06 2.37626e-06 1.35787e-06 1.35787e-06 1.01840e-06 1.01840e-06 2.03680e-06 1.35787e-06 6.78933e-07 3.39466e-07 6.78933e-07 2.71573e-06
3.05520e-06 1.01840e-06 1.01840e-06 1.01840e-06 0.00000e+00 6.78933e-07 1.01840e-06 1.01840e-06 6.78933e-07 1.01840e-06 1.69733e-06 1.01840e-06 2.37626e-06 1.35787e-06 1.35787e-06 1.35787e-06 1.01840e-06 3.39466e-07 6.78933e-07 1.35787e-06 2.03680e-06 1.69733e-06 1.01840e-06 1.69733e-06 2.03680e-06 1.35787e-06 1.01840e-06 2.03680e-06 1.01840e-06 1.35787e-06
2.71573e-06 1.01840e-06 2.03680e-06 6.78933e-07 1.01840e-06 1.69733e-06 1.69733e-06 1.01840e-06 1.01840e-06 6.78933e-07 6.78933e-07 3.39466e-07 3.39466e-07 1.01840e-06 0.00000e+00 1.01840e-06 3.39466e-07 3.39466e-07 2.71573e-06 1.35787e-06 1.35787e-06 3.39466e-07 1.01840e-06 6.78933e-07 1.35787e-06 1.69733e-06 3.39466e-07 0.00000e+00 1.01840e-06 2.03680e-06
5.43146e-06 3.39466e-06 2.71573e-06 1.01840e-06 1.35787e-06 2.37626e-06 1.69733e-06 1.35787e-06 1.69733e-06 1.35787e-06 2.37626e-06 1.01840e-06 2.03680e-06 2.71573e-06 2.03680e-06 1.69733e-06 3.05520e-06 1.35787e-06 2.37626e-06 2.03680e-06 3.39466e-07 1.69733e-06 2.37626e-06 3.39466e-06 3.73413e-06 2.71573e-06 2.71573e-06 3.05520e-06 2.03680e-06 3.39466e-06
4.41306e-06 3.39466e-06 4.75253e-06 3.39466e-06 2.03680e-06 2.03680e-06 6.78933e-07 2.37626e-06 2.37626e-06 3.39466e-06 2.37626e-06 2.37626e-06 1.01840e-06 2.03680e-06 2.37626e-06 1.69733e-06 1.69733e-06 3.39466e-06 6.78933e-07 3.39466e-07 1.01840e-06 1.35787e-06 2.37626e-06 4.07360e-06 3.73413e-06 2.71573e-06 2.37626e-06 2.37626e-06 3.39466e-06 5.09200e-06
2.03680e-06 1.35787e-06 1.35787e-06 6.78933e-07 1.35787e-06 2.03680e-06 3.39466e-07 6.78933e-07 1.35787e-06 1.69733e-06 3.39466e-07 1.01840e-06 2.03680e-06 1.35787e-06 6.78933e-07 3.39466e-07 1.01840e-06 1.35787e-06 1.35787e-06 3.39466e-07 6.78933e-07 1.35787e-06 1.01840e-06 1.01840e-06 1.01840e-06 2.03680e-06 2.03680e-06 1.35787e-06 2.03680e-06 2.03680e-06
6.78933e-07 1.01840e-06 6.78933e-07 6.78933e-07 1.69733e-06 2.03680e-06 1.35787e-06 0.00000e+00 1.69733e-06 1.01840e-06 1.01840e-06 1.01840e-06 1.01840e-06 1.35787e-06 6.78933e-07 3.39466e-07 1.01840e-06 3.39466e-07 3.39466e-07 6.78933e-07 6.78933e-07 2.03680e-06 1.01840e-06 1.35787e-06 2.37626e-06 2.03680e-06 6.78933e-07 2.37626e-06 1.69733e-06 4.41306e-06
1.01840e-06 3.39466e-07 1.35787e-06 3.39466e-07 3.39466e-07 1.35787e-06 1.01840e-06 1.69733e-06 2.37626e-06 2.03680e-06 2.03680e-06 6.78933e-07 1.69733e-06 2.03680e-06 1.35787e-06 1.01840e-06 3.39466e-07 6.78933e-07 1.01840e-06 1.01840e-06 6.78933e-07 6.78933e-07 1.69733e-06 1.69733e-06 3.39466e-07 6.78933e-07 6.78933e-07 6.78933e-07 6.78933e-07 2.03680e-06
2.03680e-06 6.78933e-07 1.01840e-06 1.35787e-06 3.39466e-07 1.69733e-06 6.78933e-07 1.35787e-06 1.01840e-06 1.35787e-06 1.01840e-06 1.01840e-06 2.03680e-06 1.01840e-06 6.78933e-07 6.78933e-07 6.78933e-07 1.01840e-06 1.01840e-06 1.01840e-06 1.69733e-06 1.01840e-06 1.35787e-06 1.01840e-06 1.01840e-06 6.78933e-07 6.78933e-07 6.78933e-07 1.35787e-06 1.69733e-06
1.69733e-06 1.35787e-06 1.35787e-06 1.69733e-06 1.35787e-06 1.35787e-06 1.01840e-06 1.01840e-06 2.37626e-06 1.01840e-06 1.35787e-06 2.03680e-06 2.37626e-06 2.71573e-06 1.69733e-06 1.01840e-06 1.69733e-06 1.69733e-06 1.69733e-06 1.35787e-06 3.39466e-07 3.39466e-07 3.05520e-06 1.01840e-06 1.69733e-06 6.78933e-07 1.01840e-06 1.01840e-06 2.37626e-06 1.01840e-06
6.78933e-07 1.01840e-06 3.39466e-06 2.71573e-06 3.39466e-07 1.35787e-06 1.01840e-06 1.35787e-06 6.78933e-07 6.78933e-07 1.01840e-06 2.37626e-06 1.69733e-06 1.35787e-06 6.78933e-07 1.35787e-06 3.05520e-06 1.35787e-06 6.78933e-07 6.78933e-07 3.39466e-07 6.78933e-07 2.37626e-06 1.01840e-06 1.01840e-06 6.78933e-07 1.01840e-06 0.00000e+00 1.01840e-06 1.69733e-06
6.78933e-06 3.39466e-06 4.07360e-06 3.05520e-06 2.71573e-06 2.03680e-06 3.05520e-06 2.71573e-06 1.35787e-06 2.03680e-06 1.35787e-06 1.69733e-06 6.78933e-07 1.69733e-06 1.35787e-06 6.78933e-07 1.35787e-06 3.39466e-06 3.05520e-06 3.73413e-06 3.05520e-06 3.39466e-06 2.71573e-06 2.71573e-06 3.73413e-06 3.39466e-06 3.73413e-06 2.71573e-06 3.05520e-06 4.75253e-06
6.78933e-06 3.39466e-06 3.39466e-06 3.39466e-06 2.37626e-06 2.71573e-06 1.69733e-06 6.78933e-07 1.01840e-06 3.05520e-06 2.03680e-06 1.69733e-06 2.03680e-06 1.01840e-06 2.03680e-06 1.69733e-06 2.37626e-06 2.03680e-06 3.05520e-06 3.73413e-06 4.41306e-06 1.69733e-06 1.69733e-06 1.69733e-06 2.71573e-06 2.71573e-06 3.39466e-06 4.07360e-06 4.41306e-06 3.05520e-06
3.39466e-06 1.35787e-06 1.01840e-06 6.78933e-07 1.69733e-06 1.69733e-06 0.00000e+00 6.78933e-07 1.01840e-06 1.01840e-06 6.78933e-07 1.35787e-06 1.69733e-06 1.01840e-06 1.35787e-06 1.35787e-06 1.69733e-06 3.39466e-07 6.78933e-07 2.37626e-06 2.03680e-06 3.39466e-07 0.00000e+00 1.01840e-06 6.78933e-07 1.01840e-06 3.39466e-07 1.69733e-06 6.78933e-07 2.37626e-06
2.37626e-06 2.03680e-06 2.37626e-06 1.35787e-06 1.01840e-06 1.01840e-06 1.01840e-06 6.78933e-07 1.01840e-06 3.39466e-07 1.01840e-06 6.78933e-07 1.01840e-06 6.78933e-07 3.39466e-07 1.01840e-06 1.01840e-06 3.39466e-07 1.69733e-06 6.78933e-07 6.78933e-07 1.35787e-06 1.69733e-06 1.69733e-06 1.01840e-06 1.69733e-06 1.01840e-06 6.78933e-07 1.35787e-06 1.69733e-06
1.69733e-06 1.69733e-06 2.03680e-06 1.35787e-06 6.78933e-07 6.78933e-07 3.39466e-07 6.78933e-07 6.78933e-07 0.00000e+00 3.39466e-07 1.01840e-06 3.39466e-07 0.00000e+00 1.01840e-06 6.78933e-07 1.69733e-06 2.03680e-06 6.78933e-07 3.39466e-07 0.00000e+00 3.39466e-07 6.78933e-07 6.78933e-07 0.00000e+00 1.01840e-06 1.01840e-06 3.39466e-07 6.78933e-07 6.78933e-07
1.69733e-06 2.03680e-06 3.05520e-06 2.37626e-06 6.78933e-07 6.78933e-07 0.00000e+00 0.00000e+00 6.78933e-07 3.39466e-07 3.39466e-07 1.01840e-06 3.39466e-07 6.78933e-07 1.01840e-06 3.39466e-07 3.39466e-07 6.78933e-07 1.01840e-06 1.35787e-06 0.00000e+00 1.01840e-06 1.69733e-06 6.78933e-07 6.78933e-07 1.01840e-06 1.01840e-06 1.35787e-06 2.03680e-06 3.39466e-06
2.37626e-06 1.69733e-06 1.69733e-06 2.03680e-06 1.35787e-06 0.00000e+00 1.01840e-06 1.01840e-06 3.39466e-07 3.39466e-07 1.01840e-06 6.78933e-07 6.78933e-07 1.35787e-06 1.01840e-06 1.01840e-06 0.00000e+00 6.78933e-07 1.69733e-06 1.01840e-06 6.78933e-07 0.00000e+00 3.39466e-07 1.35787e-06 1.01840e-06 6.78933e-07 1.01840e-06 1.69733e-06 3.39466e-07 3.05520e-06
1.69733e-06 6.78933e-07 1.69733e-06 1.69733e-06 6.78933e-07 1.35787e-06 2.03680e-06 1.69733e-06 6.78933e-07 1.01840e-06 1.01840e-06 6.78933e-07 6.78933e-07 3.39466e-07 1.01840e-06 1.01840e-06 6.78933e-07 1.69733e-06 1.69733e-06 1.35787e-06 3.39466e-07 1.35787e-06 6.78933e-07 1.35787e-06 1.01840e-06 1.01840e-06 1.35787e-06 3.39466e-07 1.35787e-06 2.37626e-06
3.39466e-06 1.35787e-06 1.35787e-06 2.03680e-06 2.71573e-06 2.71573e-06 2.71573e-06 2.03680e-06 2.03680e-06 1.69733e-06 1.01840e-06 1.69733e-06 1.35787e-06 3.39466e-07 3.39466e-07 1.01840e-06 2.03680e-06 1.69733e-06 2.71573e-06 1.35787e-06 1.35787e-06 1.35787e-06 2.03680e-06 1.69733e-06 2.03680e-06 2.03680e-06 2.03680e-06 2.71573e-06 3.39466e-06 6.11039e-06
2.71573e-06 2.71573e-06 3.39466e-06 2.71573e-06 4.41306e-06 2.03680e-06 1.35787e-06 2.03680e-06 2.37626e-06 1.01840e-06 6.78933e-07 1.69733e-06 1.01840e-06 0.00000e+00 6.78933e-07 1.35787e-06 2.03680e-06 1.01840e-06 6.78933e-07 3.05520e-06 1.35787e-06 3.05520e-06 2.71573e-06 1.01840e-06 1.35787e-06 2.03680e-06 2.37626e-06 2.71573e-06 3.05520e-06 3.73413e-06
1.69733e-06 1.01840e-06 2.03680e-06 6.78933e-07 1.69733e-06 3.39466e-07 1.35787e-06 2.03680e-06 2.37626e-06 1.01840e-06 1.01840e-06 0.00000e+00 0.00000e+00 1.01840e-06 1.35787e-06 6.78933e-07 6.78933e-07 3.39466e-07 6.78933e-07 1.69733e-06 6.78933e-07 1.01840e-06 1.69733e-06 6.78933e-07 1.69733e-06 1.01840e-06 1.35787e-06 1.69733e-06 1.01840e-06 2.03680e-06
2.37626e-06 1.69733e-06 2.37626e-06 1.35787e-06 1.01840e-06 3.39466e-07 6.78933e-07 3.39466e-07 1.35787e-06 3.39466e-07 6.78933e-07 3.39466e-07 3.39466e-07 6.78933e-07 1.01840e-06 6.78933e-07 3.39466e-07 3.39466e-07 1.01840e-06 3.39466e-07 1.01840e-06 3.39466e-07 6.78933e-07 1.01840e-06 3.39466e-07 1.01840e-06 1.35787e-06 1.35787e-06 2.03680e-06 3.05520e-06
2.37626e-06 1.01840e-06 0.00000e+00 1.01840e-06 6.78933e-07 0.00000e+00 3.39466e-07 3.39466e-07 3.39466e-07 6.78933e-07 1.01840e-06 1.35787e-06 0.00000e+00 3.39466e-07 1.35787e-06 1.69733e-06 1.69733e-06 3.39466e-07 6.78933e-07 0.00000e+00 1.01840e-06 6.78933e-07 1.01840e-06 3.39466e-07 6.78933e-07 6.78933e-07 2.71573e-06 1.35787e-06 1.01840e-06 3.39466e-06
1.69733e-06 6.78933e-07 1.01840e-06 2.37626e-06 1.69733e-06 6.78933e-07 6.78933e-07 6.78933e-07 6.78933e-07 6.78933e-07 6.78933e-07 1.35787e-06 1.35787e-06 0.00000e+00 1.01840e-06 1.35787e-06 1.01840e-06 1.35787e-06 1.01840e-06 1.01840e-06 1.01840e-06 0.00000e+00 3.39466e-07 3.39466e-07 1.35787e-06 1.01840e-06 1.69733e-06 6.78933e-07 1.35787e-06 3.73413e-06
2.37626e-06 3.39466e-07 2.03680e-06 1.01840e-06 1.35787e-06 1.35787e-06 3.39466e-07 1.35787e-06 0.00000e+00 1.35787e-06 6.78933e-07 2.03680e-06 6.78933e-07 1.01840e-06 1.01840e-06 2.03680e-06 3.39466e-07 1.69733e-06 1.01840e-06 1.01840e-06 2.03680e-06 6.78933e-07 3.39466e-07 2.03680e-06 2.03680e-06 2.37626e-06 6.78933e-07 1.69733e-06 2.37626e-06 2.03680e-06
3.73413e-06 1.69733e-06 6.78933e-07 0.00000e+00 6.78933e-07 1.01840e-06 6.78933e-07 6.78933e-07 1.01840e-06 1.69733e-06 1.01840e-06 6.78933e-07 1.01840e-06 0.00000e+00 1.01840e-06 1.69733e-06 0.00000e+00 1.01840e-06 6.78933e-07 3.39466e-07 1.01840e-06 1.01840e-06 1.69733e-06 1.01840e-06 1.35787e-06 1.69733e-06 2.71573e-06 2.03680e-06 1.01840e-06 2.37626e-06
6.78933e-06 3.73413e-06 3.05520e-06 1.35787e-06 2.71573e-06 3.73413e-06 3.73413e-06 2.37626e-06 2.03680e-06 2.03680e-06 2.37626e-06 2.37626e-06 2.37626e-06 1.35787e-06 2.71573e-06 2.71573e-06 1.35787e-06 2.03680e-06 1.35787e-06 2.37626e-06 2.37626e-06 3.39466e-06 2.37626e-06 3.05520e-06 2.37626e-06 3.39466e-06 3.39466e-06 3.05520e-06 2.37626e-06 2.71573e-06
6.78933e-06 3.05520e-06 3.39466e-06 1.35787e-06 3.73413e-06 4.41306e-06 2.37626e-06 2.71573e-06 2.03680e-06 2.37626e-06 3.05520e-06 1.35787e-06 3.73413e-06 4.07360e-06 1.01840e-06 1.69733e-06 1.01840e-06 1.35787e-06 3.05520e-06 1.35787e-06 1.35787e-06 1.69733e-06 4.07360e-06 2.37626e-06 2.71573e-06 3.73413e-06 2.37626e-06 2.03680e-06 3.73413e-06 5.09200e-06
4.75253e-06 3.39466e-06 6.78933e-07 1.35787e-06 1.35787e-06 1.35787e-06 1.69733e-06 1.35787e-06 3.39466e-07 1.01840e-06 1.35787e-06 1.01840e-06 1.01840e-06 1.01840e-06 1.69733e-06 6.78933e-07 6.78933e-07 6.78933e-07 1.01840e-06 1.01840e-06 6.78933e-07 1.35787e-06 1.69733e-06 1.01840e-06 0.00000e+00 1.01840e-06 1.35787e-06 1.01840e-06 6.78933e-07 3.05520e-06
4.07360e-06 3.05520e-06 1.01840e-06 1.35787e-06 1.69733e-06 1.35787e-06 3.39466e-07 1.01840e-06 1.01840e-06 3.39466e-07 3.39466e-07 6.78933e-07 1.01840e-06 6.78933e-07 6.78933e-07 6.78933e-07 1.35787e-06 6.78933e-07 6.78933e-07 6.78933e-07 1.35787e-06 1.35787e-06 2.37626e-06 1.69733e-06 1.01840e-06 3.39466e-07 1.01840e-06 2.03680e-06 1.69733e-06 2.03680e-06
3.05520e-06 1.35787e-06 1.01840e-06 1.69733e-06 1.35787e-06 2.37626e-06 1.69733e-06 6.78933e-07 0.00000e+00 1.35787e-06 3.39466e-07 6.78933e-07 1.35787e-06 6.78933e-07 1.35787e-06 3.39466e-07 1.01840e-06 2.03680e-06 0.00000e+00 0.00000e+00 3.39466e-07 6.78933e-07 2.03680e-06 3.39466e-07 3.39466e-07 3.39466e-07 1.01840e-06 3.39466e-07 1.01840e-06 1.69733e-06
2.71573e-06 2.03680e-06 2.37626e-06 1.01840e-06 1.35787e-06 1.35787e-06 1.01840e-06 1.35787e-06 1.69733e-06 1.35787e-06 1.35787e-06 1.35787e-06 1.69733e-06 1.01840e-06 0.00000e+00 1.01840e-06 2.03680e-06 1.35787e-06 3.39466e-07 6.78933e-07 1.01840e-06 1.35787e-06 6.78933e-07 3.39466e-07 1.01840e-06 1.35787e-06 6.78933e-07 6.78933e-07 3.39466e-07 3.05520e-06
4.07360e-06 1.35787e-06 2.37626e-06 1.01840e-06 1.35787e-06 1.01840e-06 0.00000e+00 0.00000e+00 3.39466e-07 1.01840e-06 1.01840e-06 1.35787e-06 3.39466e-07 6.78933e-07 6.78933e-07 1.35787e-06 2.03680e-06 1.69733e-06 1.01840e-06 1.69733e-06 1.01840e-06 3.39466e-07 2.03680e-06 1.01840e-06 1.01840e-06 1.69733e-06 6.78933e-07 6.78933e-07 1.69733e-06 2.71573e-06
2.71573e-06 1.69733e-06 1.35787e-06 1.69733e-06 1.69733e-06 3.39466e-07 3.39466e-07 6.78933e-07 3.39466e-07 3.39466e-07 3.39466e-07 1.35787e-06 6.78933e-07 0.00000e+00 1.01840e-06 2.03680e-06 2.71573e-06 1.69733e-06 2.37626e-06 2.03680e-06 1.69733e-06 1.01840e-06 1.01840e-06 1.01840e-06 6.78933e-07 3.05520e-06 1.01840e-06 6.78933e-07 6.78933e-07 2.71573e-06
5.09200e-06 2.37626e-06 2.71573e-06 1.01840e-06 2.37626e-06 3.39466e-07 6.78933e-07 1.35787e-06 1.35787e-06 1.35787e-06 2.03680e-06 2.37626e-06 1.35787e-06 1.35787e-06 1.69733e-06 1.01840e-06 2.37626e-06 3.39466e-06 4.07360e-06 3.39466e-06 3.05520e-06 2.37626e-06 3.73413e-06 3.73413e-06 2.71573e-06 3.05520e-06 3.39466e-06 2.37626e-06 3.05520e-06 4.75253e-06
6.11039e-06 3.73413e-06 3.05520e-06 2.37626e-06 2.71573e-06 1.35787e-06 1.01840e-06 3.39466e-06 1.69733e-06 1.69733e-06 3.39466e-07 1.01840e-06 1.01840e-06 2.37626e-06 3.73413e-06 3.05520e-06 2.37626e-06 1.01840e-06 1.69733e-06 2.37626e-06 3.05520e-06 3.39466e-06 2.71573e-06 3.05520e-06 2.71573e-06 3.05520e-06 3.39466e-06 2.71573e-06 3.73413e-06 4.75253e-06
2.71573e-06 1.69733e-06 3.39466e-06 1.35787e-06 1.35787e-06 1.01840e-06 3.39466e-07 6.78933e-07 6.78933e-07 6.78933e-07 3.39466e-07 3.39466e-07 6.78933e-07 1.01840e-06 2.03680e-06 3.05520e-06 1.69733e-06 6.78933e-07 1.69733e-06 2.03680e-06 3.39466e-06 1.35787e-06 1.01840e-06 1.69733e-06 1.35787e-06 1.69733e-06 1.01840e-06 1.01840e-06 2.03680e-06 2.37626e-06
2.71573e-06 2.03680e-06 1.01840e-06 1.01840e-06 1.69733e-06 2.03680e-06 1.35787e-06 6.78933e-07 6.78933e-07 1.35787e-06 1.01840e-06 3.39466e-07 3.39466e-07 0.00000e+00 1.01840e-06 6.78933e-07 6.78933e-07 3.39466e-07 1.01840e-06 3.39466e-07 6.78933e-07 1.01840e-06 6.78933e-07 6.78933e-07 3.39466e-07 1.35787e-06 1.01840e-06 2.37626e-06 1.35787e-06 2.03680e-06
2.03680e-06 3.39466e-07 0.00000e+00 6.78933e-07 1.01840e-06 6.78933e-07 1.01840e-06 6.78933e-07 1.35787e-06 1.01840e-06 1.69733e-06 1.35787e-06 6.78933e-07 1.35787e-06 1.69733e-06 6.78933e-07 0.00000e+00 3.39466e-07 0.00000e+00 3.39466e-07 3.39466e-07 1.01840e-06 1.35787e-06 1.01840e-06 6.78933e-07 1.01840e-06 3.39466e-07 1.69733e-06 3.39466e-07 2.37626e-06
2.71573e-06 1.01840e-06 6.78933e-07 3.39466e-07 6.78933e-07 0.00000e+00 1.01840e-06 1.01840e-06 1.69733e-06 1.01840e-06 3.39466e-07 1.01840e-06 1.01840e-06 3.05520e-06 6.78933e-07 6.78933e-07 1.35787e-06 2.71573e-06 1.01840e-06 6.78933e-07 1.01840e-06 1.35787e-06 1.35787e-06 1.01840e-06 6.78933e-07 1.35787e-06 2.03680e-06 1.35787e-06 1.35787e-06 3.73413e-06
2.03680e-06 1.01840e-06 1.35787e-06 1.35787e-06 6.78933e-07 3.39466e-07 3.39466e-07 1.01840e-06 2.37626e-06 2.37626e-06 2.03680e-06 2.03680e-06 1.35787e-06 1.01840e-06 1.35787e-06 6.78933e-07 1.35787e-06 1.01840e-06 6.78933e-07 6.78933e-07 6.78933e-07 1.01840e-06 1.01840e-06 2.03680e-06 1.69733e-06 1.35787e-06 1.01840e-06 6.78933e-07 0.00000e+00 1.35787e-06
1.69733e-06 1.01840e-06 1.69733e-06 1.01840e-06 3.39466e-07 0.00000e+00 6.78933e-07 3.39466e-07 1.01840e-06 1.35787e-06 6.78933e-07 3.39466e-07 2.37626e-06 1.01840e-06 6.78933e-07 1.01840e-06 1.01840e-06 1.35787e-06 1.35787e-06 1.69733e-06 1.35787e-06 2.03680e-06 6.78933e-07 1.01840e-06 1.69733e-06 1.35787e-06 3.39466e-07 1.01840e-06 1.35787e-06 1.01840e-06
4.41306e-06 3.05520e-06 2.03680e-06 2.71573e-06 1.01840e-06 1.01840e-06 1.01840e-06 2.37626e-06 2.03680e-06 2.37626e-06 3.05520e-06 1.69733e-06 2.71573e-06 5.43146e-06 3.05520e-06 1.69733e-06 1.01840e-06 2.37626e-06 1.69733e-06 2.37626e-06 2.03680e-06 2.71573e-06 3.73413e-06 2.71573e-06 2.37626e-06 3.39466e-06 2.03680e-06 1.69733e-06 3.05520e-06 4.41306e-06
3.73413e-06 6.78933e-07 1.69733e-06 1.69733e-06 2.03680e-06 2.03680e-06 2.37626e-06 2.71573e-06 3.05520e-06 1.69733e-06 1.69733e-06 1.69733e-06 1.01840e-06 2.03680e-06 2.37626e-06 2.37626e-06 2.37626e-06 2.03680e-06 2.37626e-06 1.35787e-06 2.37626e-06 2.37626e-06 3.39466e-06 3.39466e-06 4.41306e-06 2.71573e-06 1.01840e-06 3.73413e-06 4.41306e-06 6.44986e-06
1.35787e-06 6.78933e-07 1.35787e-06 1.35787e-06 1.01840e-06 6.78933e-07 1.35787e-06 6.78933e-07 1.01840e-06 6.78933e-07 1.69733e-06 2.71573e-06 1.35787e-06 1.01840e-06 3.39466e-07 6.78933e-07 1.01840e-06 1.01840e-06 1.01840e-06 6.78933e-07 1.01840e-06 6.78933e-07 1.01840e-06 3.39466e-07 6.78933e-07 0.00000e+00 6.78933e-07 1.35787e-06 1.35787e-06 2.03680e-06
1.69733e-06 2.71573e-06 1.35787e-06 1.01840e-06 6.78933e-07 1.01840e-06 1.35787e-06 1.01840e-06 1.01840e-06 6.78933e-07 0.00000e+00 1.01840e-06 2.03680e-06 1.01840e-06 3.39466e-07 1.01840e-06 6.78933e-07 1.69733e-06 2.03680e-06 1.35787e-06 1.01840e-06 6.78933e-07 1.01840e-06 6.78933e-07 3.05520e-06 2.37626e-06 1.35787e-06 1.35787e-06 1.01840e-06 1.69733e-06
4.07360e-06 3.05520e-06 1.69733e-06 1.01840e-06 6.78933e-07 1.01840e-06 1.35787e-06 3.39466e-07 3.39466e-07 3.39466e-07 0.00000e+00 2.03680e-06 2.37626e-06 1.35787e-06 1.69733e-06 1.69733e-06 1.35787e-06 1.69733e-06 2.03680e-06 6.78933e-07 3.39466e-07 0.00000e+00 2.03680e-06 1.69733e-06 2.03680e-06 1.01840e-06 2.03680e-06 1.35787e-06 6.78933e-07 2.03680e-06
2.37626e-06 2.37626e-06 1.35787e-06 1.35787e-06 6.78933e-07 1.35787e-06 6.78933e-07 3.39466e-07 0.00000e+00 3.39466e-07 3.39466e-07 6.78933e-07 2.03680e-06 1.35787e-06 1.01840e-06 6.78933e-07 2.03680e-06 2.03680e-06 1.01840e-06 3.39466e-07 0.00000e+00 6.78933e-07 1.35787e-06 1.69733e-06 2.37626e-06 1.35787e-06 6.78933e-07 1.35787e-06 2.71573e-06 2.37626e-06
1.35787e-06 6.78933e-07 1.01840e-06 2.03680e-06 6.78933e-07 1.69733e-06 6.78933e-07 0.00000e+00 6.78933e-07 3.39466e-07 6.78933e-07 1.01840e-06 6.78933e-07 3.39466e-07 1.01840e-06 1.69733e-06 6.78933e-07 1.35787e-06 1.01840e-06 1.35787e-06 1.01840e-06 3.39466e-07 1.01840e-06 1.01840e-06 2.71573e-06 1.01840e-06 0.00000e+00 6.78933e-07 1.01840e-06 2.03680e-06
2.37626e-06 1.01840e-06 2.37626e-06 1.35787e-06 1.01840e-06 1.35787e-06 0.00000e+00 1.69733e-06 1.01840e-06 1.69733e-06 1.69733e-06 1.69733e-06 6.78933e-07 1.01840e-06 1.01840e-06 6.78933e-07 1.35787e-06 1.01840e-06 1.69733e-06 1.35787e-06 1.35787e-06 1.01840e-06 6.78933e-07 1.35787e-06 3.39466e-07 3.39466e-07 1.01840e-06 1.69733e-06 1.35787e-06 2.03680e-06
3.39466e-06 3.73413e-06 4.07360e-06 2.37626e-06 2.37626e-06 3.05520e-06 1.35787e-06 2.71573e-06 3.05520e-06 1.35787e-06 1.35787e-06 1.69733e-06 4.41306e-06 2.71573e-06 1.69733e-06 2.03680e-06 2.71573e-06 2.37626e-06 1.01840e-06 2.03680e-06 2.03680e-06 2.37626e-06 2.03680e-06 2.37626e-06 2.37626e-06 2.71573e-06 4.41306e-06 4.07360e-06 4.07360e-06 4.75253e-06
3.73413e-06 3.73413e-06 3.05520e-06 3.05520e-06 3.39466e-06 3.05520e-06 2.37626e-06 2.71573e-06 3.39466e-06 2.71573e-06 1.69733e-06 6.78933e-07 1.69733e-06 1.35787e-06 3.39466e-06 2.03680e-06 2.71573e-06 1.35787e-06 6.78933e-07 1.69733e-06 3.05520e-06 2.03680e-06 1.69733e-06 2.37626e-06 3.39466e-06 2.71573e-06 2.71573e-06 5.09200e-06 4.07360e-06 3.39466e-06
3.05520e-06 1.35787e-06 1.69733e-06 3.05520e-06 1.35787e-06 2.03680e-06 6.78933e-07 6.78933e-07 1.35787e-06 1.69733e-06 0.00000e+00 3.39466e-07 6.78933e-07 1.01840e-06 6.78933e-07 1.01840e-06 1.01840e-06 1.01840e-06 6.78933e-07 1.69733e-06 1.69733e-06 3.39466e-07 3.39466e-07 1.35787e-06 3.39466e-07 3.39466e-07 1.69733e-06 1.69733e-06 1.69733e-06 2.71573e-06
3.05520e-06 1.35787e-06 2.03680e-06 2.71573e-06 1.69733e-06 1.01840e-06 1.01840e-06 1.35787e-06 1.35787e-06 3.39466e-07 6.78933e-07 1.01840e-06 1.01840e-06 3.39466e-07 1.35787e-06 1.69733e-06 1.01840e-06 1.35787e-06 2.03680e-06 1.35787e-06 6.78933e-07 6.78933e-07 3.39466e-07 1.35787e-06 6.78933e-07 1.01840e-06 2.03680e-06 1.35787e-06 1.69733e-06 3.05520e-06
1.35787e-06 6.78933e-07 1.69733e-06 2.37626e-06 1.35787e-06 6.78933e-07 3.39466e-07 1.35787e-06 6.78933e-07 3.39466e-07 6.78933e-07 1.35787e-06 1.01840e-06 6.78933e-07 1.01840e-06 1.35787e-06 1.35787e-06 1.69733e-06 6.78933e-07 6.78933e-07 6.78933e-07 1.35787e-06 1.69733e-06 1.35787e-06 0.00000e+00 3.39466e-07 6.78933e-07 1.35787e-06 1.01840e-06 2.03680e-06
1.35787e-06 2.37626e-06 1.35787e-06 1.35787e-06 1.35787e-06 2.03680e-06 1.69733e-06 1.01840e-06 1.01840e-06 1.01840e-06 1.01840e-06 1.35787e-06 1.01840e-06 1.69733e-06 1.01840e-06 1.69733e-06 1.69733e-06 1.01840e-06 3.39466e-07 6.78933e-07 1.01840e-06 1.01840e-06 1.35787e-06 1.01840e-06 3.39466e-07 0.00000e+00 0.00000e+00 2.03680e-06 1.01840e-06 4.41306e-06
1.35787e-06 1.01840e-06 1.69733e-06 1.69733e-06 1.35787e-06 2.37626e-06 3.05520e-06 2.03680e-06 1.01840e-06 6.78933e-07 1.35787e-06 1.01840e-06 6.78933e-07 1.01840e-06 1.01840e-06 6.78933e-07 1.35787e-06 2.71573e-06 2.03680e-06 1.35787e-06 3.39466e-07 6.78933e-07 6.78933e-07 3.39466e-07 3.39466e-07 1.35787e-06 6.78933e-07 2.71573e-06 2.37626e-06 3.05520e-06
2.03680e-06 1.01840e-06 1.35787e-06 1.69733e-06 1.35787e-06 1.01840e-06 1.01840e-06 1.69733e-06 1.01840e-06 6.78933e-07 1.01840e-06 1.69733e-06 1.35787e-06 6.78933e-07 1.35787e-06 1.35787e-06 1.35787e-06 6.78933e-07 1.35787e-06 1.01840e-06 1.01840e-06 1.01840e-06 1.69733e-06 1.35787e-06 3.39466e-07 3.39466e-07 1.69733e-06 4.07360e-06 3.05520e-06 2.03680e-06
5.43146e-06 3.73413e-06 3.73413e-06 3.39466e-06 2.03680e-06 3.73413e-06 2.71573e-06 2.37626e-06 1.69733e-06 1.69733e-06 2.37626e-06 3.39466e-06 2.37626e-06 2.71573e-06 3.39466e-06 4.41306e-06 3.05520e-06 2.37626e-06 1.35787e-06 6.78933e-07 6.78933e-07 2.37626e-06 2.37626e-06 1.35787e-06 1.69733e-06 2.37626e-06 2.37626e-06 3.73413e-06 3.05520e-06 6.11039e-06
4.41306e-06 2.71573e-06 4.41306e-06 3.39466e-06 3.05520e-06 2.03680e-06 6.78933e-07 2.37626e-06 1.35787e-06 1.69733e-06 1.69733e-06 3.05520e-06 2.03680e-06 3.05520e-06 2.71573e-06 3.05520e-06 2.71573e-06 3.05520e-06 2.03680e-06 3.05520e-06 3.05520e-06 2.71573e-06 2.03680e-06 1.01840e-06 3.39466e-06 4.41306e-06 3.05520e-06 1.69733e-06 1.69733e-06 4.41306e-06
6.78933e-07 1.69733e-06 2.03680e-06 1.69733e-06 2.37626e-06 1.35787e-06 6.78933e-07 1.69733e-06 6.78933e-07 1.69733e-06 1.01840e-06 1.69733e-06 1.01840e-06 1.35787e-06 0.00000e+00 3.39466e-07 1.01840e-06 3.39466e-07 1.35787e-06 0.00000e+00 2.03680e-06 1.01840e-06 0.00000e+00 1.35787e-06 3.05520e-06 1.35787e-06 1.69733e-06 1.35787e-06 1.01840e-06 2.03680e-06
1.35787e-06 3.39466e-07 6.78933e-07 1.35787e-06 1.01840e-06 1.01840e-06 1.35787e-06 1.01840e-06 1.35787e-06 1.69733e-06 0.00000e+00 3.39466e-07 1.01840e-06 1.01840e-06 1.01840e-06 3.39466e-07 1.01840e-06 1.69733e-06 1.01840e-06 3.39466e-07 1.01840e-06 1.69733e-06 6.78933e-07 6.78933e-07 1.35787e-06 1.69733e-06 2.03680e-06 1.01840e-06 1.69733e-06 1.35787e-06
1.35787e-06 6.78933e-07 0.00000e+00 0.00000e+00 1.69733e-06 1.01840e-06 1.01840e-06 3.39466e-07 1.35787e-06 1.35787e-06 3.39466e-07 3.39466e-07 1.01840e-06 1.69733e-06 6.78933e-07 6.78933e-07 3.39466e-07 1.35787e-06 1.69733e-06 1.35787e-06 1.01840e-06 0.00000e+00 6.78933e-07 6.78933e-07 3.39466e-07 6.78933e-07 1.35787e-06 1.35787e-06 2.71573e-06 3.05520e-06
2.37626e-06 3.39466e-07 6.78933e-07 1.35787e-06 1.35787e-06 6.78933e-07 1.01840e-06 1.01840e-06 1.01840e-06 6.78933e-07 1.01840e-06 3.39466e-07 6.78933e-07 1.01840e-06 2.03680e-06 1.35787e-06 1.01840e-06 1.35787e-06 1.01840e-06 0.00000e+00 3.39466e-07 6.78933e-07 3.39466e-07 1.35787e-06 6.78933e-07 6.78933e-07 3.05520e-06 1.35787e-06 2.37626e-06 3.39466e-06
1.35787e-06 1.35787e-06 2.71573e-06 2.37626e-06 1.01840e-06 6.78933e-07 1.35787e-06 6.78933e-07 0.00000e+00 0.00000e+00 2.03680e-06 1.01840e-06 3.39466e-07 1.35787e-06 2.37626e-06 1.01840e-06 6.78933e-07 6.78933e-07 1.01840e-06 6.78933e-07 1.35787e-06 6.78933e-07 6.78933e-07 1.35787e-06 2.37626e-06 2.03680e-06 2.37626e-06 2.71573e-06 2.03680e-06 6.78933e-07
2.71573e-06 1.69733e-06 1.69733e-06 1.35787e-06 1.01840e-06 6.78933e-07 1.01840e-06 1.35787e-06 6.78933e-07 6.78933e-07 1.35787e-06 2.37626e-06 6.78933e-07 6.78933e-07 1.35787e-06 1.01840e-06 1.35787e-06 1.01840e-06 1.01840e-06 1.01840e-06 2.71573e-06 1.01840e-06 1.01840e-06 1.35787e-06 2.37626e-06 1.01840e-06 2.37626e-06 2.03680e-06 1.35787e-06 2.37626e-06
4.41306e-06 3.39466e-06 4.07360e-06 3.39466e-06 3.39466e-06 2.37626e-06 1.69733e-06 3.05520e-06 2.71573e-06 2.71573e-06 2.03680e-06 2.37626e-06 1.69733e-06 1.35787e-06 1.01840e-06 1.35787e-06 1.69733e-06 3.39466e-06 2.37626e-06 1.35787e-06 6.78933e-07 1.69733e-06 3.73413e-06 2.71573e-06 2.03680e-06 2.03680e-06 1.69733e-06 2.71573e-06 1.69733e-06 2.71573e-06
4.41306e-06 2.03680e-06 2.03680e-06 2.37626e-06 2.37626e-06 4.07360e-06 3.39466e-06 2.03680e-06 1.01840e-06 2.37626e-06 2.03680e-06 3.05520e-06 2.03680e-06 0.00000e+00 3.39466e-07 2.03680e-06 2.03680e-06 2.71573e-06 2.37626e-06 1.35787e-06 1.69733e-06 1.35787e-06 2.03680e-06 3.39466e-06 1.01840e-06 2.03680e-06 2.37626e-06 2.37626e-06 2.71573e-06 4.07360e-06
2.37626e-06 1.01840e-06 1.35787e-06 1.69733e-06 2.37626e-06 1.69733e-06 1.35787e-06 3.39466e-07 6.78933e-07 1.69733e-06 6.78933e-07 1.35787e-06 6.78933e-07 6.78933e-07 6.78933e-07 1.01840e-06 1.01840e-06 3.39466e-07 6.78933e-07 3.39466e-07 1.35787e-06 1.01840e-06 1.01840e-06 2.03680e-06 1.35787e-06 1.01840e-06 1.35787e-06 1.69733e-06 1.35787e-06 1.01840e-06
2.71573e-06 1.01840e-06 6.78933e-07 1.35787e-06 2.37626e-06 1.01840e-06 6.78933e-07 1.35787e-06 1.01840e-06 6.78933e-07 1.35787e-06 1.69733e-06 1.35787e-06 1.01840e-06 1.01840e-06 1.35787e-06 6.78933e-07 6.78933e-07 6.78933e-07 1.69733e-06 1.69733e-06 6.78933e-07 3.39466e-07 1.01840e-06 1.01840e-06 6.78933e-07 1.01840e-06 1.69733e-06 1.01840e-06 1.35787e-06
3.05520e-06 6.78933e-07 1.01840e-06 1.01840e-06 1.69733e-06 1.35787e-06 1.69733e-06 1.69733e-06 3.39466e-07 1.01840e-06 6.78933e-07 1.35787e-06 1.01840e-06 3.39466e-07 6.78933e-07 6.78933e-07 1.01840e-06 1.01840e-06 0.00000e+00 1.01840e-06 1.01840e-06 2.03680e-06 3.39466e-07 1.01840e-06 3.39466e-07 0.00000e+00 3.39466e-07 3.39466e-07 1.01840e-06 1.69733e-06
2.37626e-06 1.69733e-06 1.01840e-06 1.35787e-06 6.78933e-07 1.35787e-06 1.35787e-06 1.69733e-06 1.01840e-06 6.78933e-07 3.39466e-07 1.01840e-06 1.01840e-06 1.69733e-06 6.78933e-07 6.78933e-07 1.01840e-06 6.78933e-07 3.39466e-07 6.78933e-07 1.35787e-06 6.78933e-07 1.01840e-06 1.01840e-06 3.39466e-07 3.39466e-07 6.78933e-07 1.01840e-06 1.69733e-06 2.71573e-06
2.03680e-06 1.69733e-06 1.35787e-06 6.78933e-07 1.01840e-06 1.01840e-06 3.39466e-07 1.01840e-06 1.35787e-06 6.78933e-07 6.78933e-07 6.78933e-07 3.39466e-07 6.78933e-07 6.78933e-07 1.01840e-06 1.35787e-06 1.35787e-06 6.78933e-07 3.39466e-07 1.01840e-06 6.78933e-07 3.39466e-07 1.35787e-06 1.01840e-06 1.35787e-06 3.39466e-07 2.37626e-06 1.35787e-06 3.39466e-07
1.35787e-06 2.03680e-06 6.78933e-07 3.39466e-07 6.78933e-07 6.78933e-07 1.69733e-06 1.35787e-06 1.01840e-06 1.01840e-06 1.69733e-06 3.39466e-07 6.78933e-07 3.39466e-07 1.01840e-06 1.01840e-06 1.01840e-06 2.37626e-06 1.01840e-06 6.78933e-07 6.78933e-07 6.78933e-07 0.00000e+00 3.39466e-07 1.35787e-06 1.69733e-06 1.01840e-06 3.39466e-07 6.78933e-07 1.35787e-06
5.09200e-06 4.07360e-06 2.37626e-06 2.71573e-06 1.35787e-06 2.03680e-06 2.71573e-06 1.35787e-06 2.37626e-06 3.73413e-06 2.03680e-06 2.03680e-06 2.37626e-06 1.01840e-06 1.69733e-06 2.71573e-06 2.37626e-06 1.69733e-06 2.37626e-06 3.73413e-06 3.39466e-06 3.05520e-06 2.71573e-06 3.05520e-06 3.39466e-06 4.07360e-06 2.03680e-06 1.01840e-06 1.35787e-06 2.71573e-06
2.03680e-06 3.73413e-06 1.01840e-06 1.35787e-06 1.35787e-06 1.35787e-06 3.05520e-06 2.37626e-06 1.35787e-06 1.35787e-06 1.35787e-06 2.37626e-06 2.37626e-06 3.39466e-06 3.39466e-06 1.35787e-06 2.37626e-06 2.03680e-06 3.05520e-06 2.71573e-06 3.39466e-06 3.05520e-06 1.01840e-06 3.05520e-06 3.39466e-06 3.73413e-06 2.37626e-06 2.03680e-06 2.03680e-06 2.71573e-06
3.05520e-06 3.39466e-07 3.39466e-07 1.01840e-06 1.35787e-06 6.78933e-07 1.35787e-06 2.03680e-06 1.35787e-06 6.78933e-07 1.01840e-06 6.78933e-07 1.35787e-06 1.69733e-06 1.35787e-06 1.69733e-06 3.39466e-07 1.01840e-06 1.01840e-06 1.01840e-06 1.01840e-06 1.35787e-06 1.01840e-06 1.01840e-06 3.39466e-07 6.78933e-07 1.01840e-06 1.69733e-06 2.37626e-06 2.03680e-06
3.39466e-06 1.35787e-06 1.35787e-06 2.03680e-06 2.37626e-06 1.69733e-06 1.01840e-06 3.39466e-07 1.01840e-06 6.78933e-07 1.69733e-06 1.01840e-06 1.35787e-06 2.03680e-06 6.78933e-07 1.01840e-06 0.00000e+00 1.01840e-06 6.78933e-07 2.03680e-06 6.78933e-07 1.69733e-06 1.35787e-06 3.39466e-07 3.39466e-07 1.35787e-06 1.69733e-06 1.69733e-06 2.37626e-06 1.01840e-06
2.71573e-06 1.35787e-06 6.78933e-07 1.35787e-06 1.35787e-06 1.69733e-06 1.01840e-06 3.39466e-07 6.78933e-07 0.00000e+00 3.39466e-07 2.03680e-06 1.69733e-06 1.01840e-06 1.01840e-06 1.35787e-06 2.03680e-06 2.03680e-06 6.78933e-07 0.00000e+00 3.39466e-07 1.01840e-06 1.01840e-06 1.01840e-06 3.39466e-07 6.78933e-07 2.37626e-06 1.69733e-06 1.69733e-06 2.37626e-06
3.05520e-06 1.69733e-06 2.37626e-06 1.01840e-06 6.78933e-07 1.69733e-06 1.35787e-06 1.01840e-06 1.35787e-06 6.78933e-07 6.78933e-07 6.78933e-07 6.78933e-07 1.35787e-06 3.39466e-07 6.78933e-07 1.01840e-06 3.39466e-07 1.01840e-06 0.00000e+00 3.39466e-07 3.39466e-07 1.01840e-06 1.01840e-06 3.39466e-07 2.03680e-06 1.69733e-06 1.35787e-06 1.69733e-06 2.03680e-06
3.05520e-06 1.69733e-06 1.35787e-06 1.35787e-06 1.69733e-06 2.03680e-06 3.39466e-07 3.39466e-07 6.78933e-07 6.78933e-07 2.37626e-06 1.35787e-06 6.78933e-07 1.01840e-06 1.35787e-06 6.78933e-07 3.39466e-07 2.37626e-06 1.69733e-06 0.00000e+00 1.01840e-06 1.01840e-06 1.01840e-06 6.78933e-07 1.35787e-06 1.69733e-06 1.69733e-06 1.35787e-06 1.35787e-06 2.71573e-06
2.03680e-06 2.03680e-06 1.69733e-06 3.39466e-07 1.35787e-06 1.35787e-06 1.01840e-06 3.39466e-07 6.78933e-07 1.35787e-06 1.69733e-06 2.03680e-06 6.78933e-07 1.01840e-06 1.01840e-06 1.01840e-06 1.01840e-06 1.69733e-06 1.35787e-06 3.39466e-07 1.01840e-06 1.69733e-06 1.35787e-06 1.01840e-06 6.78933e-07 1.35787e-06 1.35787e-06 6.78933e-07 0.00000e+00 2.37626e-06
4.41306e-06 3.05520e-06 4.07360e-06 4.07360e-06 4.41306e-06 4.07360e-06 2.71573e-06 1.69733e-06 1.35787e-06 2.37626e-06 1.69733e-06 1.35787e-06 6.78933e-07 2.03680e-06 3.05520e-06 1.69733e-06 2.37626e-06 3.73413e-06 5.09200e-06 4.75253e-06 3.39466e-06 2.71573e-06 2.37626e-06 3.05520e-06 3.73413e-06 6.78933e-07 3.39466e-06 3.73413e-06 4.41306e-06 5.43146e-06
1.35787e-06 6.78933e-07 2.37626e-06 1.01840e-06 2.71573e-06 1.35787e-06 1.35787e-06 1.01840e-06 1.01840e-06 1.35787e-06 6.78933e-07 6.78933e-07 1.01840e-06 1.01840e-06 1.69733e-06 2.37626e-06 6.78933e-07 1.35787e-06 1.69733e-06 2.03680e-06 6.78933e-07 3.39466e-07 1.01840e-06 3.05520e-06 3.39466e-07 1.01840e-06 0.00000e+00 1.69733e-06 2.37626e-06 3.73413e-06
3.05520e-06 6.78933e-07 2.03680e-06 2.71573e-06 1.35787e-06 3.39466e-07 6.78933e-07 6.78933e-07 1.01840e-06 1.35787e-06 1.35787e-06 1.01840e-06 3.39466e-07 6.78933e-07 6.78933e-07 1.69733e-06 1.01840e-06 1.01840e-06 6.78933e-07 1.69733e-06 3.39466e-06 2.71573e-06 2.03680e-06 2.03680e-06 1.01840e-06 1.01840e-06 6.78933e-07 1.01840e-06 1.69733e-06 2.37626e-06
3.39466e-07 3.39466e-07 1.01840e-06 1.35787e-06 2.37626e-06 6.78933e-07 3.39466e-07 1.35787e-06 6.78933e-07 1.01840e-06 2.03680e-06 6.78933e-07 3.39466e-07 6.78933e-07 6.78933e-07 1.69733e-06 2.03680e-06 1.35787e-06 6.78933e-07 1.69733e-06 1.35787e-06 0.00000e+00 6.78933e-07 1.01840e-06 3.39466e-06 3.05520e-06 2.71573e-06 1.69733e-06 1.69733e-06 1.69733e-06
1.01840e-06 3.39466e-07 1.69733e-06 3.05520e-06 3.05520e-06 2.37626e-06 2.71573e-06 1.35787e-06 6.78933e-07 1.01840e-06 1.01840e-06 3.39466e-07 6.78933e-07 3.39466e-07 2.03680e-06 1.69733e-06 1.69733e-06 3.39466e-07 6.78933e-07 6.78933e-07 1.01840e-06 1.69733e-06 1.35787e-06 1.69733e-06 1.69733e-06 1.35787e-06 2.71573e-06 2.03680e-06 3.05520e-06 3.73413e-06
3.73413e-06 2.71573e-06 3.39466e-06 2.71573e-06 3.73413e-06 2.03680e-06 3.39466e-06 1.69733e-06 3.39466e-06 1.01840e-06 6.78933e-07 6.78933e-07 1.01840e-06 1.69733e-06 1.35787e-06 1.69733e-06 2.37626e-06 2.03680e-06 2.37626e-06 1.01840e-06 2.03680e-06 2.03680e-06 1.69733e-06 6.78933e-07 1.35787e-06 2.03680e-06 3.73413e-06 3.05520e-06 4.75253e-06 5.43146e-06
