1.00509e-05 7.91241e-06 8.12626e-06 8.98165e-06 7.27086e-06 7.48471e-06 8.76780e-06 8.98165e-06 6.84316e-06 8.98165e-06
8.12626e-06 7.05701e-06 5.13237e-06 4.49083e-06 5.77392e-06 5.34622e-06 4.70467e-06 7.91241e-06 7.27086e-06 8.12626e-06
4.49083e-06 2.56619e-06 2.13849e-06 1.49694e-06 2.35234e-06 1.71079e-06 2.35234e-06 2.13849e-06 2.78004e-06 4.49083e-06
4.49083e-06 3.63543e-06 3.20773e-06 2.56619e-06 3.20773e-06 2.56619e-06 1.92464e-06 1.49694e-06 2.13849e-06 3.42158e-06
5.77392e-06 1.92464e-06 2.56619e-06 2.78004e-06 1.28309e-06 2.35234e-06 1.71079e-06 2.13849e-06 2.78004e-06 3.63543e-06
4.70467e-06 2.99388e-06 2.99388e-06 3.42158e-06 3.42158e-06 2.35234e-06 2.56619e-06 2.99388e-06 2.56619e-06 5.98777e-06
4.70467e-06 2.78004e-06 3.42158e-06 2.78004e-06 3.84928e-06 3.20773e-06 2.99388e-06 2.99388e-06 3.42158e-06 3.63543e-06
3.42158e-06 3.20773e-06 4.70467e-06 3.20773e-06 2.56619e-06 1.92464e-06 1.28309e-06 2.13849e-06 2.99388e-06 3.63543e-06
8.12626e-06 5.98777e-06 7.69856e-06 3.63543e-06 4.70467e-06 4.70467e-06 4.91852e-06 4.70467e-06 5.13237e-06 6.84316e-06
1.02647e-05 5.34622e-06 5.56007e-06 4.91852e-06 6.84316e-06 6.41547e-06 4.91852e-06 5.56007e-06 4.06313e-06 8.12626e-06
4.91852e-06 2.35234e-06 2.35234e-06 2.13849e-06 2.99388e-06 2.35234e-06 1.28309e-06 2.13849e-06 2.35234e-06 4.27698e-06
2.99388e-06 2.35234e-06 2.56619e-06 3.42158e-06 3.20773e-06 2.99388e-06 4.27698e-06 2.56619e-06 3.20773e-06 3.84928e-06
2.78004e-06 2.35234e-06 4.70467e-06 3.42158e-06 1.92464e-06 3.20773e-06 3.63543e-06 2.99388e-06 2.56619e-06 2.35234e-06
4.27698e-06 1.92464e-06 2.99388e-06 2.13849e-06 2.35234e-06 3.42158e-06 2.13849e-06 2.78004e-06 1.92464e-06 3.20773e-06
4.06313e-06 2.56619e-06 2.78004e-06 2.35234e-06 1.28309e-06 2.13849e-06 4.27698e-06 2.56619e-06 3.20773e-06 4.70467e-06
3.84928e-06 2.13849e-06 2.99388e-06 2.35234e-06 1.28309e-06 3.63543e-06 4.70467e-06 2.56619e-06 2.78004e-06 4.27698e-06
7.91241e-06 5.77392e-06 6.20162e-06 5.56007e-06 5.56007e-06 6.84316e-06 7.48471e-06 7.69856e-06 7.69856e-06 7.91241e-06
8.12626e-06 5.34622e-06 4.70467e-06 6.62931e-06 5.56007e-06 7.05701e-06 5.34622e-06 7.05701e-06 5.98777e-06 6.41547e-06
3.84928e-06 2.56619e-06 2.56619e-06 2.78004e-06 2.13849e-06 1.49694e-06 2.78004e-06 3.42158e-06 4.27698e-06 4.06313e-06
3.20773e-06 1.49694e-06 3.63543e-06 3.42158e-06 2.78004e-06 2.35234e-06 2.99388e-06 3.84928e-06 3.84928e-06 2.35234e-06
3.63543e-06 2.56619e-06 1.49694e-06 1.49694e-06 1.92464e-06 1.49694e-06 2.13849e-06 3.42158e-06 2.35234e-06 3.20773e-06
3.63543e-06 3.20773e-06 1.49694e-06 2.13849e-06 1.71079e-06 2.13849e-06 1.71079e-06 1.92464e-06 3.42158e-06 2.99388e-06
6.41547e-06 2.99388e-06 3.20773e-06 2.99388e-06 2.13849e-06 2.35234e-06 2.78004e-06 4.49083e-06 4.06313e-06 3.42158e-06
5.13237e-06 3.42158e-06 3.84928e-06 2.13849e-06 2.99388e-06 3.63543e-06 2.13849e-06 3.42158e-06 3.20773e-06 3.63543e-06
1.00509e-05 7.27086e-06 7.27086e-06 6.41547e-06 4.91852e-06 6.20162e-06 6.62931e-06 4.91852e-06 6.20162e-06 7.27086e-06
7.05701e-06 5.13237e-06 7.05701e-06 6.62931e-06 4.27698e-06 4.91852e-06 4.70467e-06 6.20162e-06 7.27086e-06 7.05701e-06
3.42158e-06 2.78004e-06 2.99388e-06 2.35234e-06 1.49694e-06 1.71079e-06 2.99388e-06 4.27698e-06 3.84928e-06 4.91852e-06
3.63543e-06 4.06313e-06 3.20773e-06 2.13849e-06 2.99388e-06 2.35234e-06 2.56619e-06 2.56619e-06 2.99388e-06 4.27698e-06
3.63543e-06 3.84928e-06 3.42158e-06 1.49694e-06 3.20773e-06 2.78004e-06 1.92464e-06 2.35234e-06 4.49083e-06 4.27698e-06
3.84928e-06 4.70467e-06 2.13849e-06 1.92464e-06 2.99388e-06 2.13849e-06 3.20773e-06 2.99388e-06 3.42158e-06 4.49083e-06
4.06313e-06 2.78004e-06 2.99388e-06 6.41547e-07 2.35234e-06 2.78004e-06 4.06313e-06 2.99388e-06 1.92464e-06 4.91852e-06
3.63543e-06 2.35234e-06 1.71079e-06 2.78004e-06 2.56619e-06 3.42158e-06 2.99388e-06 1.92464e-06 2.56619e-06 2.99388e-06
7.27086e-06 5.98777e-06 7.27086e-06 7.48471e-06 7.91241e-06 7.27086e-06 5.34622e-06 5.98777e-06 5.34622e-06 8.12626e-06
8.98165e-06 6.84316e-06 6.41547e-06 8.12626e-06 7.69856e-06 6.20162e-06 4.70467e-06 5.13237e-06 5.77392e-06 8.98165e-06
4.70467e-06 3.20773e-06 2.99388e-06 2.78004e-06 2.99388e-06 2.35234e-06 1.06924e-06 3.20773e-06 2.78004e-06 2.56619e-06
3.20773e-06 2.35234e-06 2.56619e-06 2.35234e-06 2.78004e-06 2.13849e-06 1.49694e-06 8.55395e-07 1.92464e-06 4.06313e-06
4.06313e-06 3.42158e-06 2.56619e-06 3.42158e-06 3.63543e-06 3.20773e-06 4.91852e-06 2.78004e-06 1.06924e-06 3.63543e-06
4.06313e-06 3.20773e-06 3.42158e-06 4.70467e-06 2.56619e-06 2.78004e-06 3.42158e-06 1.71079e-06 8.55395e-07 2.78004e-06
4.49083e-06 2.35234e-06 2.78004e-06 3.84928e-06 2.78004e-06 2.13849e-06 2.78004e-06 1.49694e-06 8.55395e-07 2.35234e-06
2.99388e-06 2.56619e-06 2.99388e-06 3.84928e-06 2.78004e-06 1.71079e-06 2.13849e-06 1.92464e-06 2.13849e-06 3.84928e-06
6.41547e-06 3.63543e-06 4.49083e-06 4.70467e-06 5.77392e-06 5.77392e-06 5.34622e-06 4.49083e-06 5.98777e-06 6.84316e-06
7.05701e-06 3.20773e-06 3.84928e-06 3.20773e-06 5.56007e-06 5.98777e-06 5.56007e-06 6.20162e-06 5.98777e-06 5.77392e-06
3.42158e-06 3.42158e-06 3.42158e-06 2.78004e-06 2.56619e-06 3.42158e-06 2.56619e-06 8.55395e-07 3.42158e-06 3.63543e-06
4.70467e-06 3.42158e-06 3.42158e-06 2.78004e-06 2.78004e-06 1.92464e-06 3.20773e-06 2.99388e-06 2.78004e-06 4.70467e-06
5.56007e-06 2.78004e-06 2.78004e-06 2.99388e-06 2.99388e-06 2.78004e-06 4.70467e-06 4.91852e-06 3.20773e-06 3.42158e-06
5.13237e-06 1.92464e-06 2.78004e-06 1.49694e-06 2.56619e-06 2.99388e-06 3.20773e-06 2.35234e-06 3.63543e-06 4.27698e-06
3.42158e-06 3.20773e-06 2.99388e-06 2.78004e-06 2.13849e-06 1.49694e-06 3.20773e-06 2.13849e-06 3.20773e-06 4.70467e-06
3.63543e-06 1.28309e-06 1.92464e-06 3.84928e-06 2.99388e-06 4.27698e-06 4.49083e-06 2.78004e-06 2.78004e-06 2.56619e-06
7.27086e-06 6.20162e-06 5.56007e-06 7.27086e-06 5.56007e-06 5.77392e-06 6.20162e-06 5.13237e-06 5.56007e-06 6.62931e-06
9.40935e-06 5.34622e-06 7.48471e-06 5.13237e-06 5.77392e-06 5.98777e-06 6.62931e-06 6.62931e-06 5.34622e-06 7.05701e-06
2.35234e-06 1.49694e-06 3.42158e-06 1.71079e-06 1.71079e-06 2.13849e-06 2.78004e-06 2.56619e-06 3.84928e-06 5.34622e-06
5.34622e-06 2.99388e-06 3.84928e-06 2.78004e-06 3.20773e-06 2.78004e-06 2.35234e-06 2.13849e-06 1.92464e-06 3.42158e-06
4.49083e-06 2.56619e-06 3.20773e-06 2.35234e-06 1.92464e-06 1.92464e-06 2.35234e-06 1.28309e-06 2.56619e-06 2.99388e-06
4.06313e-06 2.99388e-06 1.92464e-06 2.35234e-06 1.92464e-06 2.13849e-06 2.78004e-06 3.84928e-06 2.99388e-06 4.27698e-06
4.27698e-06 3.42158e-06 2.13849e-06 1.71079e-06 2.99388e-06 4.91852e-06 3.20773e-06 2.35234e-06 3.42158e-06 3.63543e-06
3.20773e-06 2.56619e-06 2.13849e-06 1.71079e-06 1.92464e-06 3.42158e-06 4.49083e-06 2.35234e-06 2.56619e-06 4.06313e-06
6.84316e-06 5.13237e-06 7.27086e-06 5.98777e-06 5.98777e-06 5.56007e-06 4.70467e-06 5.56007e-06 6.41547e-06 7.69856e-06
6.41547e-06 6.84316e-06 7.69856e-06 7.48471e-06 5.56007e-06 4.91852e-06 4.49083e-06 3.42158e-06 4.91852e-06 7.48471e-06
2.78004e-06 3.20773e-06 3.63543e-06 3.84928e-06 3.63543e-06 1.06924e-06 1.71079e-06 1.71079e-06 1.92464e-06 5.34622e-06
2.56619e-06 2.13849e-06 3.63543e-06 2.78004e-06 3.20773e-06 3.20773e-06 2.35234e-06 2.99388e-06 2.56619e-06 5.56007e-06
2.99388e-06 2.78004e-06 1.06924e-06 1.92464e-06 2.78004e-06 1.71079e-06 1.92464e-06 1.92464e-06 1.92464e-06 4.27698e-06
3.20773e-06 1.28309e-06 1.28309e-06 2.35234e-06 1.92464e-06 1.92464e-06 2.56619e-06 2.13849e-06 2.99388e-06 5.77392e-06
5.34622e-06 1.71079e-06 2.13849e-06 2.56619e-06 2.56619e-06 2.13849e-06 2.99388e-06 2.99388e-06 2.13849e-06 2.78004e-06
3.63543e-06 2.56619e-06 2.35234e-06 2.78004e-06 2.78004e-06 1.92464e-06 3.42158e-06 2.35234e-06 1.71079e-06 1.92464e-06
7.27086e-06 5.77392e-06 4.27698e-06 4.27698e-06 5.34622e-06 4.27698e-06 4.91852e-06 6.62931e-06 5.56007e-06 6.41547e-06
6.84316e-06 5.34622e-06 4.27698e-06 4.49083e-06 6.84316e-06 5.77392e-06 5.34622e-06 4.49083e-06 4.91852e-06 8.76780e-06
3.20773e-06 1.28309e-06 1.92464e-06 1.28309e-06 2.35234e-06 3.42158e-06 3.20773e-06 2.35234e-06 1.92464e-06 2.13849e-06
4.06313e-06 2.35234e-06 1.49694e-06 1.49694e-06 1.28309e-06 1.92464e-06 2.78004e-06 2.99388e-06 2.99388e-06 4.70467e-06
2.99388e-06 2.56619e-06 1.49694e-06 1.28309e-06 1.28309e-06 1.06924e-06 2.13849e-06 3.42158e-06 4.27698e-06 6.20162e-06
2.99388e-06 1.71079e-06 1.06924e-06 1.28309e-06 2.99388e-06 2.56619e-06 2.35234e-06 2.13849e-06 1.92464e-06 3.20773e-06
3.84928e-06 2.56619e-06 2.78004e-06 2.13849e-06 3.20773e-06 2.99388e-06 2.13849e-06 1.06924e-06 2.35234e-06 2.99388e-06
3.84928e-06 1.71079e-06 2.56619e-06 8.55395e-07 2.56619e-06 2.35234e-06 2.99388e-06 2.78004e-06 2.56619e-06 3.20773e-06
9.40935e-06 5.13237e-06 5.56007e-06 5.34622e-06 6.62931e-06 5.77392e-06 5.77392e-06 5.77392e-06 5.13237e-06 5.77392e-06
6.41547e-06 5.13237e-06 4.27698e-06 5.56007e-06 5.34622e-06 5.34622e-06 5.56007e-06 5.13237e-06 5.98777e-06 7.69856e-06
3.63543e-06 2.13849e-06 2.99388e-06 2.35234e-06 2.99388e-06 2.99388e-06 2.35234e-06 2.35234e-06 2.35234e-06 4.27698e-06
5.56007e-06 2.99388e-06 2.99388e-06 3.42158e-06 2.56619e-06 3.20773e-06 3.42158e-06 2.13849e-06 4.06313e-06 4.27698e-06
3.84928e-06 2.35234e-06 1.49694e-06 2.78004e-06 2.99388e-06 3.42158e-06 1.71079e-06 2.56619e-06 2.78004e-06 4.70467e-06
3.84928e-06 2.13849e-06 2.35234e-06 3.20773e-06 3.84928e-06 3.42158e-06 2.56619e-06 2.78004e-06 2.56619e-06 5.98777e-06
5.98777e-06 2.78004e-06 1.92464e-06 1.92464e-06 1.06924e-06 1.71079e-06 1.71079e-06 3.63543e-06 2.78004e-06 3.42158e-06
4.06313e-06 1.28309e-06 2.56619e-06 2.56619e-06 2.99388e-06 1.28309e-06 2.99388e-06 2.35234e-06 1.71079e-06 3.20773e-06
5.56007e-06 4.49083e-06 4.70467e-06 6.41547e-06 5.13237e-06 4.49083e-06 5.34622e-06 3.84928e-06 5.13237e-06 6.62931e-06
5.56007e-06 4.49083e-06 2.78004e-06 3.63543e-06 3.63543e-06 4.91852e-06 3.42158e-06 3.20773e-06 4.70467e-06 5.77392e-06
2.78004e-06 2.56619e-06 2.56619e-06 2.35234e-06 1.28309e-06 1.71079e-06 1.92464e-06 1.28309e-06 1.28309e-06 3.20773e-06
4.06313e-06 2.35234e-06 1.49694e-06 3.20773e-06 1.71079e-06 2.13849e-06 1.71079e-06 1.71079e-06 3.20773e-06 4.70467e-06
4.70467e-06 1.92464e-06 1.71079e-06 8.55395e-07 1.49694e-06 2.56619e-06 2.13849e-06 1.92464e-06 2.13849e-06 2.78004e-06
3.84928e-06 2.56619e-06 1.49694e-06 1.06924e-06 1.49694e-06 3.42158e-06 2.35234e-06 2.78004e-06 1.71079e-06 4.06313e-06
3.42158e-06 4.70467e-06 2.13849e-06 1.92464e-06 2.35234e-06 2.99388e-06 2.99388e-06 3.20773e-06 1.28309e-06 2.35234e-06
2.99388e-06 1.71079e-06 2.78004e-06 2.99388e-06 2.56619e-06 2.35234e-06 1.71079e-06 1.71079e-06 2.56619e-06 3.63543e-06
7.05701e-06 4.70467e-06 4.70467e-06 5.56007e-06 4.27698e-06 4.27698e-06 5.56007e-06 5.34622e-06 4.91852e-06 7.48471e-06
6.84316e-06 4.27698e-06 4.49083e-06 4.91852e-06 5.77392e-06 5.77392e-06 5.56007e-06 4.70467e-06 5.98777e-06 7.69856e-06
4.27698e-06 2.13849e-06 4.27698e-06 4.27698e-06 2.99388e-06 2.78004e-06 3.42158e-06 3.42158e-06 2.99388e-06 3.84928e-06
4.27698e-06 2.35234e-06 2.99388e-06 2.78004e-06 2.35234e-06 3.63543e-06 2.99388e-06 3.20773e-06 2.78004e-06 4.91852e-06
3.63543e-06 2.99388e-06 3.42158e-06 2.35234e-06 2.56619e-06 2.78004e-06 3.63543e-06 4.06313e-06 1.28309e-06 4.06313e-06
3.63543e-06 3.20773e-06 1.92464e-06 3.42158e-06 2.56619e-06 2.35234e-06 2.78004e-06 2.99388e-06 2.99388e-06 3.84928e-06
3.84928e-06 2.56619e-06 1.92464e-06 2.35234e-06 2.78004e-06 3.42158e-06 2.35234e-06 3.20773e-06 2.13849e-06 2.99388e-06
3.63543e-06 2.56619e-06 2.78004e-06 2.99388e-06 2.99388e-06 2.13849e-06 2.13849e-06 1.71079e-06 2.99388e-06 3.20773e-06
8.34011e-06 3.84928e-06 5.98777e-06 6.41547e-06 4.27698e-06 3.20773e-06 6.41547e-06 5.98777e-06 5.13237e-06 8.76780e-06
8.55395e-06 5.56007e-06 6.62931e-06 4.70467e-06 4.49083e-06 5.34622e-06 4.49083e-06 4.91852e-06 3.63543e-06 6.41547e-06
3.20773e-06 4.06313e-06 2.13849e-06 2.13849e-06 1.28309e-06 1.28309e-06 1.06924e-06 1.06924e-06 2.35234e-06 3.42158e-06
4.49083e-06 2.56619e-06 2.13849e-06 1.28309e-06 2.13849e-06 2.35234e-06 2.56619e-06 3.20773e-06 3.20773e-06 6.20162e-06
4.49083e-06 2.99388e-06 1.92464e-06 2.99388e-06 2.35234e-06 1.49694e-06 2.13849e-06 3.20773e-06 3.42158e-06 3.84928e-06
4.49083e-06 1.92464e-06 2.13849e-06 2.78004e-06 1.71079e-06 1.71079e-06 3.42158e-06 2.78004e-06 2.35234e-06 2.13849e-06
4.06313e-06 1.71079e-06 1.71079e-06 2.99388e-06 1.92464e-06 3.42158e-06 4.06313e-06 4.06313e-06 4.06313e-06 3.20773e-06
5.34622e-06 2.56619e-06 4.06313e-06 3.42158e-06 2.99388e-06 1.92464e-06 1.92464e-06 3.42158e-06 3.63543e-06 4.27698e-06
7.69856e-06 5.77392e-06 6.84316e-06 7.05701e-06 3.84928e-06 2.35234e-06 5.77392e-06 6.41547e-06 5.77392e-06 7.69856e-06
9.83705e-06 7.05701e-06 4.70467e-06 4.49083e-06 4.27698e-06 4.49083e-06 5.56007e-06 5.77392e-06 7.27086e-06 8.12626e-06
3.63543e-06 2.99388e-06 2.35234e-06 2.35234e-06 3.84928e-06 3.42158e-06 2.99388e-06 2.78004e-06 1.28309e-06 4.27698e-06
3.42158e-06 3.63543e-06 2.78004e-06 3.63543e-06 3.20773e-06 4.91852e-06 3.20773e-06 2.99388e-06 2.56619e-06 4.70467e-06
2.99388e-06 3.20773e-06 3.20773e-06 3.84928e-06 2.99388e-06 2.99388e-06 2.99388e-06 2.13849e-06 1.92464e-06 4.70467e-06
4.49083e-06 2.13849e-06 2.99388e-06 4.06313e-06 4.27698e-06 4.06313e-06 2.56619e-06 2.56619e-06 1.92464e-06 3.63543e-06
4.27698e-06 2.35234e-06 3.63543e-06 2.35234e-06 2.78004e-06 2.78004e-06 3.63543e-06 2.56619e-06 1.71079e-06 5.13237e-06
4.49083e-06 2.78004e-06 3.20773e-06 2.78004e-06 2.13849e-06 2.78004e-06 2.13849e-06 2.13849e-06 3.20773e-06 4.27698e-06
6.20162e-06 5.13237e-06 3.42158e-06 5.13237e-06 5.56007e-06 5.98777e-06 4.06313e-06 4.06313e-06 6.41547e-06 9.62320e-06
6.41547e-06 6.20162e-06 5.34622e-06 5.77392e-06 5.13237e-06 7.05701e-06 4.49083e-06 4.70467e-06 4.49083e-06 6.84316e-06
4.06313e-06 2.99388e-06 3.84928e-06 2.78004e-06 1.71079e-06 2.99388e-06 1.92464e-06 2.35234e-06 2.35234e-06 4.06313e-06
4.06313e-06 2.56619e-06 2.35234e-06 3.63543e-06 2.35234e-06 1.71079e-06 2.35234e-06 3.20773e-06 3.63543e-06 3.63543e-06
3.63543e-06 2.56619e-06 2.99388e-06 2.13849e-06 2.78004e-06 1.71079e-06 1.92464e-06 2.99388e-06 2.78004e-06 4.06313e-06
3.84928e-06 2.35234e-06 2.56619e-06 2.56619e-06 1.92464e-06 2.13849e-06 3.20773e-06 3.84928e-06 4.06313e-06 4.91852e-06
4.49083e-06 2.35234e-06 2.78004e-06 2.56619e-06 3.20773e-06 2.99388e-06 2.13849e-06 1.71079e-06 1.71079e-06 3.42158e-06
2.78004e-06 2.56619e-06 3.20773e-06 3.42158e-06 3.63543e-06 4.49083e-06 2.99388e-06 3.42158e-06 2.35234e-06 1.71079e-06
7.05701e-06 5.34622e-06 5.13237e-06 5.77392e-06 5.13237e-06 4.70467e-06 5.34622e-06 6.20162e-06 4.27698e-06 6.20162e-06
5.77392e-06 3.20773e-06 4.91852e-06 5.56007e-06 4.70467e-06 6.62931e-06 6.62931e-06 5.13237e-06 5.34622e-06 6.20162e-06
2.13849e-06 1.92464e-06 8.55395e-07 1.92464e-06 1.92464e-06 1.49694e-06 2.13849e-06 1.92464e-06 3.20773e-06 4.27698e-06
4.91852e-06 2.13849e-06 1.92464e-06 2.35234e-06 1.92464e-06 2.35234e-06 1.92464e-06 2.78004e-06 2.78004e-06 4.06313e-06
4.06313e-06 2.35234e-06 2.56619e-06 2.78004e-06 2.56619e-06 2.99388e-06 2.13849e-06 2.56619e-06 3.63543e-06 3.42158e-06
3.84928e-06 2.13849e-06 1.92464e-06 2.13849e-06 1.06924e-06 2.56619e-06 2.35234e-06 2.13849e-06 1.92464e-06 5.13237e-06
4.70467e-06 2.35234e-06 1.49694e-06 1.92464e-06 1.49694e-06 2.35234e-06 2.99388e-06 2.13849e-06 2.13849e-06 5.77392e-06
4.06313e-06 1.92464e-06 2.13849e-06 2.56619e-06 2.56619e-06 2.35234e-06 2.99388e-06 2.35234e-06 3.63543e-06 5.13237e-06
8.98165e-06 6.41547e-06 4.91852e-06 4.27698e-06 4.27698e-06 3.20773e-06 5.98777e-06 7.27086e-06 5.98777e-06 6.41547e-06
8.76780e-06 5.98777e-06 6.62931e-06 5.56007e-06 4.06313e-06 4.27698e-06 7.27086e-06 7.05701e-06 6.41547e-06 7.27086e-06
6.41547e-06 3.42158e-06 2.78004e-06 2.56619e-06 2.56619e-06 3.42158e-06 3.63543e-06 3.20773e-06 2.99388e-06 3.63543e-06
4.70467e-06 2.56619e-06 2.35234e-06 2.56619e-06 3.20773e-06 4.06313e-06 2.56619e-06 2.13849e-06 2.13849e-06 3.84928e-06
3.20773e-06 2.35234e-06 4.49083e-06 2.78004e-06 3.84928e-06 3.42158e-06 3.84928e-06 2.13849e-06 1.92464e-06 2.99388e-06
3.84928e-06 3.63543e-06 2.35234e-06 4.70467e-06 3.63543e-06 2.56619e-06 2.56619e-06 3.20773e-06 2.56619e-06 5.77392e-06
5.13237e-06 2.78004e-06 2.56619e-06 3.20773e-06 3.42158e-06 2.56619e-06 2.78004e-06 3.63543e-06 3.20773e-06 5.13237e-06
5.13237e-06 1.92464e-06 2.56619e-06 2.78004e-06 2.56619e-06 3.42158e-06 3.20773e-06 2.35234e-06 2.99388e-06 4.27698e-06
6.41547e-06 3.84928e-06 5.77392e-06 5.77392e-06 4.70467e-06 4.91852e-06 5.56007e-06 7.27086e-06 5.34622e-06 7.48471e-06
7.05701e-06 5.13237e-06 5.77392e-06 7.69856e-06 6.41547e-06 6.62931e-06 4.70467e-06 5.77392e-06 6.20162e-06 8.76780e-06
3.20773e-06 3.63543e-06 2.99388e-06 2.78004e-06 3.42158e-06 2.56619e-06 2.35234e-06 2.78004e-06 2.56619e-06 2.99388e-06
3.42158e-06 3.42158e-06 3.20773e-06 3.20773e-06 2.99388e-06 2.56619e-06 3.42158e-06 1.28309e-06 1.49694e-06 4.49083e-06
4.49083e-06 2.78004e-06 2.99388e-06 2.56619e-06 3.63543e-06 2.56619e-06 3.42158e-06 2.99388e-06 2.78004e-06 4.06313e-06
4.06313e-06 2.99388e-06 2.78004e-06 1.71079e-06 2.35234e-06 2.78004e-06 3.63543e-06 2.56619e-06 2.56619e-06 3.42158e-06
4.91852e-06 4.49083e-06 3.42158e-06 2.78004e-06 2.99388e-06 2.78004e-06 2.56619e-06 2.78004e-06 2.99388e-06 6.41547e-06
4.49083e-06 3.20773e-06 1.06924e-06 2.35234e-06 1.92464e-06 1.92464e-06 3.20773e-06 2.99388e-06 2.35234e-06 3.84928e-06
6.84316e-06 5.77392e-06 6.62931e-06 5.13237e-06 3.42158e-06 5.98777e-06 5.77392e-06 5.56007e-06 5.13237e-06 8.34011e-06
6.41547e-06 4.49083e-06 4.06313e-06 5.13237e-06 5.34622e-06 4.06313e-06 6.84316e-06 7.48471e-06 7.05701e-06 7.69856e-06
2.13849e-06 2.56619e-06 2.78004e-06 1.71079e-06 3.20773e-06 3.84928e-06 3.63543e-06 3.84928e-06 2.13849e-06 4.06313e-06
4.70467e-06 3.20773e-06 2.99388e-06 3.42158e-06 2.78004e-06 2.35234e-06 2.13849e-06 2.35234e-06 2.13849e-06 5.34622e-06
2.78004e-06 4.49083e-06 3.63543e-06 4.27698e-06 4.27698e-06 2.56619e-06 2.78004e-06 2.56619e-06 2.78004e-06 4.49083e-06
7.69856e-06 5.98777e-06 6.84316e-06 4.49083e-06 4.06313e-06 3.63543e-06 4.49083e-06 4.49083e-06 5.34622e-06 8.55395e-06
