7.94351e-06 7.72286e-06 9.48808e-06 8.16417e-06 9.92939e-06 7.94351e-06 5.29568e-06 8.16417e-06 7.28155e-06 8.38482e-06
8.82613e-06 5.29568e-06 6.39894e-06 6.39894e-06 6.39894e-06 5.07502e-06 5.95763e-06 5.73698e-06 7.28155e-06 8.60547e-06
3.97176e-06 3.97176e-06 4.19241e-06 2.86849e-06 1.54457e-06 1.10327e-06 1.76523e-06 2.64784e-06 4.19241e-06 3.53045e-06
4.85437e-06 1.32392e-06 2.64784e-06 4.19241e-06 1.76523e-06 2.64784e-06 1.76523e-06 3.08914e-06 3.53045e-06 5.73698e-06
4.41306e-06 3.08914e-06 2.64784e-06 2.42718e-06 2.86849e-06 1.54457e-06 1.76523e-06 2.64784e-06 1.76523e-06 4.63372e-06
3.75110e-06 2.64784e-06 2.20653e-06 4.19241e-06 1.98588e-06 3.30980e-06 3.53045e-06 2.20653e-06 2.20653e-06 2.64784e-06
3.08914e-06 3.30980e-06 4.19241e-06 3.53045e-06 2.20653e-06 2.42718e-06 2.20653e-06 1.76523e-06 2.42718e-06 3.75110e-06
5.07502e-06 3.08914e-06 2.42718e-06 2.42718e-06 1.98588e-06 3.08914e-06 4.63372e-06 1.54457e-06 2.42718e-06 3.97176e-06
8.16417e-06 8.60547e-06 5.07502e-06 5.07502e-06 6.61959e-06 6.17829e-06 6.39894e-06 5.73698e-06 7.28155e-06 6.39894e-06
5.51633e-06 5.73698e-06 7.28155e-06 5.95763e-06 5.51633e-06 6.17829e-06 5.51633e-06 6.39894e-06 7.06090e-06 8.60547e-06
2.86849e-06 2.86849e-06 3.97176e-06 3.97176e-06 3.97176e-06 1.32392e-06 1.54457e-06 2.64784e-06 3.30980e-06 2.86849e-06
3.08914e-06 2.64784e-06 5.29568e-06 3.08914e-06 2.42718e-06 3.53045e-06 3.75110e-06 2.86849e-06 4.41306e-06 3.08914e-06
4.19241e-06 2.64784e-06 1.76523e-06 2.64784e-06 3.97176e-06 1.76523e-06 2.42718e-06 3.30980e-06 2.20653e-06 4.63372e-06
3.75110e-06 2.42718e-06 2.42718e-06 2.86849e-06 1.32392e-06 1.10327e-06 2.20653e-06 2.86849e-06 1.98588e-06 2.20653e-06
3.53045e-06 1.54457e-06 1.54457e-06 2.64784e-06 1.76523e-06 2.20653e-06 3.53045e-06 4.85437e-06 1.76523e-06 3.53045e-06
3.75110e-06 8.82613e-07 1.76523e-06 1.98588e-06 3.08914e-06 3.08914e-06 2.42718e-06 2.20653e-06 2.42718e-06 4.19241e-06
6.39894e-06 5.95763e-06 5.29568e-06 4.41306e-06 5.95763e-06 6.17829e-06 5.07502e-06 5.29568e-06 5.51633e-06 7.72286e-06
6.61959e-06 5.73698e-06 5.73698e-06 4.63372e-06 6.39894e-06 6.84025e-06 5.51633e-06 4.85437e-06 4.19241e-06 9.04678e-06
4.19241e-06 2.64784e-06 2.42718e-06 2.20653e-06 3.53045e-06 2.64784e-06 2.86849e-06 4.19241e-06 3.97176e-06 5.29568e-06
5.95763e-06 3.75110e-06 3.08914e-06 1.76523e-06 8.82613e-07 2.86849e-06 1.76523e-06 2.64784e-06 2.64784e-06 3.53045e-06
3.75110e-06 2.64784e-06 1.76523e-06 2.20653e-06 2.64784e-06 1.54457e-06 1.76523e-06 2.42718e-06 3.97176e-06 5.07502e-06
3.53045e-06 2.86849e-06 2.86849e-06 3.75110e-06 3.08914e-06 1.98588e-06 3.30980e-06 2.64784e-06 4.19241e-06 3.75110e-06
1.98588e-06 1.54457e-06 2.20653e-06 2.20653e-06 1.54457e-06 1.32392e-06 2.86849e-06 3.53045e-06 2.20653e-06 4.19241e-06
3.97176e-06 2.64784e-06 2.64784e-06 2.64784e-06 1.98588e-06 1.10327e-06 1.32392e-06 2.42718e-06 2.42718e-06 2.20653e-06
6.61959e-06 4.41306e-06 5.95763e-06 5.73698e-06 4.41306e-06 5.73698e-06 5.07502e-06 5.29568e-06 6.17829e-06 9.48808e-06
9.92939e-06 4.63372e-06 4.85437e-06 5.73698e-06 5.95763e-06 4.85437e-06 5.95763e-06 4.85437e-06 5.51633e-06 9.04678e-06
3.53045e-06 1.32392e-06 1.98588e-06 2.42718e-06 2.20653e-06 2.86849e-06 2.20653e-06 3.97176e-06 2.86849e-06 3.53045e-06
4.41306e-06 2.64784e-06 3.08914e-06 3.30980e-06 3.30980e-06 2.64784e-06 2.20653e-06 3.30980e-06 3.30980e-06 4.19241e-06
4.41306e-06 1.98588e-06 2.20653e-06 2.86849e-06 2.86849e-06 2.20653e-07 1.76523e-06 3.75110e-06 3.08914e-06 4.41306e-06
3.08914e-06 2.64784e-06 8.82613e-07 2.64784e-06 2.86849e-06 2.42718e-06 1.54457e-06 2.20653e-06 3.08914e-06 4.41306e-06
3.53045e-06 2.64784e-06 2.86849e-06 2.86849e-06 3.30980e-06 1.98588e-06 1.76523e-06 2.20653e-06 2.64784e-06 3.30980e-06
3.53045e-06 2.42718e-06 2.42718e-06 3.30980e-06 3.53045e-06 2.86849e-06 1.98588e-06 3.30980e-06 1.98588e-06 3.30980e-06
6.17829e-06 5.95763e-06 5.29568e-06 4.85437e-06 4.85437e-06 4.19241e-06 4.85437e-06 4.63372e-06 4.85437e-06 5.95763e-06
5.51633e-06 4.63372e-06 5.73698e-06 3.75110e-06 5.29568e-06 5.95763e-06 5.07502e-06 5.51633e-06 4.41306e-06 1.01500e-05
3.53045e-06 2.20653e-06 1.54457e-06 1.32392e-06 1.54457e-06 2.86849e-06 2.20653e-06 2.86849e-06 2.42718e-06 4.19241e-06
2.64784e-06 2.64784e-06 1.76523e-06 3.30980e-06 3.08914e-06 3.53045e-06 3.75110e-06 2.20653e-06 1.54457e-06 5.51633e-06
5.07502e-06 3.97176e-06 1.10327e-06 8.82613e-07 1.10327e-06 1.54457e-06 2.20653e-06 3.08914e-06 1.32392e-06 4.19241e-06
3.53045e-06 2.42718e-06 2.42718e-06 2.20653e-06 1.76523e-06 1.32392e-06 3.08914e-06 2.64784e-06 2.64784e-06 5.95763e-06
4.41306e-06 3.08914e-06 3.08914e-06 3.53045e-06 2.42718e-06 2.64784e-06 3.75110e-06 2.20653e-06 3.53045e-06 5.07502e-06
2.86849e-06 1.98588e-06 3.08914e-06 3.08914e-06 1.76523e-06 2.64784e-06 2.42718e-06 3.08914e-06 2.86849e-06 3.97176e-06
7.28155e-06 4.19241e-06 6.17829e-06 5.95763e-06 4.85437e-06 3.97176e-06 5.29568e-06 3.97176e-06 6.17829e-06 6.39894e-06
7.28155e-06 7.94351e-06 6.61959e-06 4.85437e-06 4.41306e-06 5.73698e-06 4.19241e-06 5.29568e-06 5.29568e-06 5.95763e-06
2.20653e-06 2.64784e-06 2.20653e-06 3.08914e-06 2.42718e-06 2.20653e-06 2.20653e-06 3.08914e-06 2.64784e-06 3.97176e-06
4.85437e-06 2.42718e-06 3.30980e-06 2.64784e-06 2.20653e-06 3.30980e-06 3.53045e-06 2.20653e-06 1.76523e-06 3.75110e-06
6.61959e-06 3.75110e-06 1.32392e-06 3.08914e-06 3.30980e-06 2.42718e-06 2.64784e-06 2.86849e-06 2.20653e-06 5.29568e-06
6.17829e-06 3.30980e-06 2.20653e-06 1.76523e-06 1.76523e-06 2.64784e-06 1.98588e-06 1.10327e-06 2.20653e-06 3.75110e-06
5.73698e-06 2.64784e-06 2.20653e-06 1.98588e-06 1.76523e-06 2.20653e-06 1.76523e-06 1.32392e-06 2.86849e-06 3.97176e-06
3.97176e-06 1.98588e-06 2.86849e-06 2.20653e-06 2.86849e-06 2.42718e-06 1.76523e-06 1.32392e-06 1.98588e-06 4.41306e-06
7.28155e-06 5.73698e-06 7.06090e-06 6.17829e-06 5.95763e-06 4.63372e-06 6.17829e-06 4.85437e-06 4.41306e-06 6.17829e-06
8.16417e-06 5.95763e-06 6.17829e-06 6.84025e-06 3.97176e-06 4.19241e-06 5.29568e-06 5.51633e-06 6.17829e-06 7.50221e-06
2.64784e-06 2.20653e-06 3.75110e-06 3.30980e-06 2.20653e-06 2.20653e-06 2.86849e-06 2.86849e-06 2.64784e-06 5.07502e-06
3.97176e-06 2.42718e-06 5.07502e-06 2.86849e-06 3.30980e-06 3.30980e-06 2.86849e-06 2.20653e-06 4.19241e-06 5.51633e-06
5.95763e-06 3.08914e-06 2.86849e-06 3.08914e-06 1.98588e-06 2.20653e-06 2.42718e-06 1.76523e-06 2.20653e-06 4.41306e-06
4.41306e-06 2.42718e-06 3.08914e-06 2.20653e-06 1.10327e-06 1.98588e-06 2.86849e-06 2.64784e-06 2.42718e-06 3.75110e-06
4.85437e-06 3.30980e-06 2.64784e-06 3.53045e-06 3.30980e-06 2.64784e-06 1.98588e-06 2.86849e-06 2.20653e-06 3.53045e-06
3.30980e-06 2.64784e-06 1.98588e-06 1.76523e-06 1.98588e-06 2.42718e-06 2.20653e-06 2.64784e-06 2.20653e-06 3.53045e-06
7.28155e-06 5.07502e-06 5.51633e-06 5.29568e-06 6.17829e-06 6.84025e-06 3.53045e-06 7.50221e-06 7.50221e-06 8.38482e-06
7.72286e-06 5.51633e-06 5.73698e-06 4.41306e-06 4.19241e-06 5.07502e-06 5.95763e-06 5.73698e-06 6.84025e-06 9.70874e-06
4.41306e-06 3.08914e-06 3.08914e-06 2.42718e-06 2.86849e-06 2.86849e-06 1.54457e-06 2.42718e-06 2.64784e-06 4.85437e-06
5.51633e-06 2.42718e-06 2.86849e-06 1.98588e-06 2.64784e-06 3.08914e-06 3.30980e-06 2.20653e-06 2.42718e-06 3.53045e-06
4.41306e-06 1.76523e-06 2.20653e-06 3.30980e-06 2.86849e-06 2.42718e-06 2.42718e-06 2.64784e-06 1.54457e-06 5.51633e-06
4.85437e-06 2.20653e-06 1.98588e-06 2.42718e-06 3.97176e-06 3.08914e-06 1.76523e-06 2.20653e-06 2.64784e-06 3.08914e-06
4.85437e-06 2.86849e-06 8.82613e-07 1.54457e-06 2.86849e-06 3.08914e-06 2.64784e-06 3.53045e-06 4.41306e-06 6.17829e-06
4.63372e-06 2.86849e-06 1.76523e-06 1.98588e-06 3.75110e-06 3.08914e-06 2.86849e-06 3.75110e-06 1.54457e-06 4.41306e-06
7.28155e-06 3.08914e-06 6.61959e-06 6.84025e-06 7.72286e-06 5.73698e-06 5.51633e-06 7.28155e-06 8.38482e-06 9.48808e-06
6.84025e-06 4.41306e-06 5.73698e-06 4.63372e-06 5.73698e-06 6.39894e-06 7.72286e-06 6.17829e-06 6.39894e-06 7.28155e-06
3.75110e-06 2.64784e-06 2.20653e-06 3.97176e-06 3.08914e-06 3.75110e-06 3.30980e-06 2.42718e-06 1.54457e-06 4.19241e-06
5.07502e-06 2.86849e-06 3.30980e-06 3.53045e-06 3.30980e-06 2.86849e-06 3.53045e-06 4.19241e-06 2.42718e-06 4.41306e-06
4.63372e-06 2.42718e-06 2.64784e-06 2.20653e-06 3.30980e-06 2.20653e-06 1.98588e-06 2.20653e-06 2.86849e-06 4.41306e-06
3.53045e-06 3.30980e-06 2.20653e-06 1.32392e-06 1.10327e-06 2.42718e-06 2.64784e-06 2.86849e-06 4.41306e-06 5.29568e-06
6.84025e-06 3.97176e-06 3.97176e-06 5.29568e-06 3.75110e-06 3.30980e-06 2.86849e-06 4.19241e-06 2.86849e-06 3.75110e-06
5.73698e-06 3.75110e-06 2.64784e-06 3.30980e-06 2.42718e-06 2.42718e-06 2.64784e-06 3.08914e-06 3.30980e-06 4.63372e-06
7.06090e-06 5.51633e-06 5.73698e-06 5.07502e-06 3.75110e-06 4.63372e-06 5.73698e-06 4.63372e-06 4.41306e-06 6.61959e-06
5.07502e-06 5.51633e-06 5.51633e-06 4.63372e-06 3.75110e-06 5.51633e-06 5.95763e-06 6.39894e-06 6.17829e-06 6.17829e-06
3.97176e-06 2.42718e-06 2.42718e-06 2.20653e-06 3.08914e-06 3.75110e-06 3.30980e-06 3.08914e-06 4.19241e-06 4.19241e-06
3.53045e-06 2.20653e-06 1.32392e-06 1.54457e-06 2.20653e-06 2.86849e-06 3.75110e-06 2.42718e-06 1.76523e-06 3.97176e-06
3.53045e-06 2.86849e-06 1.54457e-06 1.32392e-06 1.10327e-06 3.08914e-06 2.86849e-06 1.98588e-06 2.64784e-06 5.07502e-06
3.30980e-06 2.20653e-06 1.98588e-06 1.54457e-06 1.98588e-06 1.76523e-06 2.64784e-06 4.41306e-06 2.64784e-06 4.19241e-06
5.07502e-06 3.30980e-06 3.53045e-06 3.30980e-06 2.86849e-06 1.76523e-06 1.98588e-06 3.75110e-06 4.63372e-06 4.41306e-06
4.19241e-06 2.42718e-06 3.53045e-06 4.63372e-06 3.08914e-06 2.20653e-06 2.42718e-06 1.98588e-06 3.75110e-06 4.63372e-06
5.73698e-06 4.63372e-06 5.73698e-06 7.50221e-06 6.84025e-06 5.73698e-06 4.63372e-06 6.61959e-06 6.39894e-06 7.94351e-06
7.72286e-06 5.73698e-06 3.75110e-06 4.41306e-06 7.06090e-06 7.50221e-06 5.51633e-06 6.17829e-06 6.39894e-06 8.16417e-06
4.19241e-06 2.42718e-06 2.64784e-06 2.42718e-06 3.75110e-06 2.42718e-06 3.75110e-06 3.53045e-06 2.42718e-06 1.98588e-06
3.97176e-06 2.42718e-06 3.08914e-06 1.76523e-06 2.20653e-06 2.42718e-06 3.97176e-06 3.97176e-06 3.30980e-06 3.30980e-06
5.29568e-06 3.30980e-06 1.54457e-06 1.98588e-06 8.82613e-07 3.30980e-06 2.20653e-06 3.97176e-06 2.42718e-06 4.19241e-06
5.07502e-06 3.30980e-06 1.76523e-06 1.98588e-06 4.63372e-06 2.64784e-06 1.76523e-06 3.75110e-06 3.75110e-06 4.63372e-06
5.07502e-06 4.19241e-06 2.86849e-06 2.42718e-06 2.64784e-06 3.53045e-06 2.86849e-06 3.53045e-06 3.75110e-06 3.53045e-06
5.29568e-06 2.20653e-06 1.98588e-06 2.64784e-06 2.42718e-06 2.86849e-06 2.64784e-06 2.42718e-06 3.75110e-06 4.41306e-06
8.38482e-06 5.51633e-06 5.07502e-06 6.39894e-06 4.41306e-06 3.75110e-06 4.41306e-06 6.84025e-06 6.61959e-06 7.72286e-06
8.60547e-06 4.63372e-06 5.51633e-06 6.17829e-06 5.73698e-06 4.63372e-06 4.85437e-06 4.63372e-06 3.97176e-06 7.72286e-06
5.07502e-06 3.53045e-06 2.86849e-06 1.98588e-06 1.98588e-06 1.98588e-06 1.54457e-06 1.54457e-06 2.64784e-06 5.07502e-06
3.30980e-06 2.64784e-06 1.76523e-06 2.86849e-06 3.08914e-06 3.08914e-06 1.10327e-06 3.53045e-06 3.75110e-06 3.30980e-06
4.85437e-06 2.64784e-06 1.98588e-06 2.20653e-06 3.75110e-06 3.30980e-06 2.64784e-06 3.53045e-06 3.08914e-06 5.29568e-06
3.53045e-06 1.76523e-06 2.20653e-06 2.64784e-06 3.08914e-06 2.86849e-06 2.20653e-06 2.20653e-06 2.64784e-06 4.41306e-06
4.19241e-06 2.64784e-06 1.76523e-06 3.75110e-06 3.30980e-06 2.86849e-06 3.75110e-06 3.53045e-06 3.75110e-06 6.17829e-06
5.73698e-06 4.19241e-06 3.53045e-06 3.75110e-06 3.30980e-06 2.64784e-06 3.30980e-06 2.86849e-06 3.53045e-06 3.53045e-06
7.06090e-06 6.17829e-06 5.51633e-06 7.06090e-06 6.39894e-06 7.06090e-06 4.85437e-06 4.41306e-06 5.73698e-06 5.73698e-06
6.61959e-06 5.51633e-06 5.51633e-06 6.84025e-06 7.06090e-06 5.51633e-06 6.39894e-06 4.85437e-06 5.51633e-06 8.38482e-06
3.97176e-06 1.98588e-06 3.08914e-06 3.30980e-06 3.53045e-06 2.86849e-06 2.86849e-06 2.20653e-06 1.76523e-06 5.95763e-06
3.08914e-06 1.76523e-06 1.98588e-06 1.54457e-06 2.64784e-06 2.64784e-06 1.76523e-06 1.98588e-06 2.64784e-06 5.51633e-06
2.64784e-06 1.98588e-06 1.10327e-06 1.98588e-06 2.20653e-06 2.64784e-06 2.64784e-06 1.32392e-06 2.64784e-06 4.41306e-06
4.41306e-06 2.42718e-06 1.98588e-06 1.98588e-06 1.76523e-06 1.76523e-06 3.53045e-06 1.76523e-06 1.98588e-06 6.17829e-06
3.75110e-06 1.76523e-06 2.86849e-06 3.30980e-06 4.19241e-06 3.30980e-06 2.86849e-06 1.76523e-06 1.76523e-06 3.75110e-06
2.20653e-06 1.76523e-06 2.42718e-06 2.64784e-06 3.30980e-06 3.97176e-06 2.20653e-06 3.08914e-06 2.42718e-06 3.08914e-06
7.28155e-06 4.85437e-06 3.75110e-06 5.07502e-06 4.85437e-06 3.75110e-06 5.95763e-06 4.63372e-06 3.53045e-06 6.39894e-06
8.38482e-06 5.07502e-06 4.19241e-06 5.07502e-06 4.85437e-06 3.30980e-06 3.97176e-06 5.07502e-06 4.19241e-06 5.73698e-06
4.63372e-06 2.64784e-06 2.64784e-06 3.30980e-06 1.76523e-06 1.10327e-06 2.86849e-06 3.08914e-06 2.42718e-06 2.64784e-06
4.63372e-06 2.20653e-06 2.42718e-06 2.42718e-06 1.98588e-06 1.54457e-06 2.64784e-06 1.98588e-06 1.76523e-06 4.85437e-06
3.75110e-06 1.98588e-06 1.76523e-06 1.76523e-06 1.76523e-06 1.98588e-06 2.86849e-06 2.86849e-06 2.20653e-06 4.63372e-06
2.86849e-06 1.98588e-06 1.32392e-06 1.76523e-06 1.32392e-06 1.54457e-06 2.20653e-06 1.32392e-06 1.10327e-06 3.53045e-06
3.30980e-06 2.86849e-06 1.98588e-06 3.08914e-06 3.75110e-06 2.64784e-06 3.08914e-06 3.08914e-06 2.42718e-06 3.75110e-06
2.42718e-06 1.76523e-06 1.98588e-06 3.53045e-06 3.53045e-06 2.86849e-06 3.08914e-06 1.98588e-06 2.86849e-06 3.53045e-06
6.84025e-06 4.85437e-06 4.19241e-06 5.51633e-06 5.29568e-06 4.63372e-06 6.17829e-06 5.29568e-06 4.19241e-06 7.72286e-06
8.38482e-06 3.97176e-06 4.85437e-06 5.29568e-06 5.95763e-06 7.72286e-06 6.84025e-06 6.84025e-06 5.95763e-06 7.28155e-06
3.97176e-06 2.64784e-06 1.54457e-06 6.61959e-07 3.75110e-06 3.53045e-06 3.30980e-06 2.64784e-06 1.54457e-06 3.75110e-06
3.75110e-06 2.42718e-06 1.76523e-06 1.54457e-06 2.20653e-06 2.20653e-06 4.41306e-06 3.08914e-06 3.75110e-06 2.64784e-06
2.20653e-06 1.98588e-06 3.08914e-06 2.20653e-06 1.76523e-06 2.64784e-06 4.19241e-06 3.08914e-06 2.86849e-06 6.84025e-06
3.97176e-06 2.64784e-06 1.32392e-06 3.75110e-06 2.86849e-06 4.41306e-06 2.42718e-06 1.76523e-06 2.42718e-06 4.19241e-06
4.63372e-06 3.08914e-06 2.42718e-06 3.97176e-06 3.30980e-06 2.86849e-06 3.53045e-06 1.54457e-06 2.64784e-06 3.97176e-06
5.07502e-06 1.76523e-06 1.98588e-06 2.86849e-06 2.86849e-06 3.08914e-06 2.64784e-06 2.64784e-06 1.76523e-06 4.19241e-06
7.06090e-06 5.07502e-06 3.97176e-06 5.07502e-06 7.06090e-06 7.28155e-06 6.61959e-06 7.06090e-06 4.85437e-06 9.48808e-06
6.17829e-06 5.07502e-06 4.63372e-06 5.51633e-06 4.41306e-06 6.39894e-06 7.28155e-06 6.39894e-06 6.61959e-06 7.72286e-06
3.08914e-06 2.64784e-06 2.64784e-06 3.08914e-06 2.20653e-06 1.54457e-06 3.30980e-06 5.29568e-06 4.19241e-06 3.97176e-06
3.75110e-06 1.54457e-06 1.54457e-06 3.08914e-06 2.42718e-06 2.20653e-06 2.64784e-06 3.08914e-06 3.53045e-06 4.19241e-06
3.75110e-06 2.20653e-06 2.64784e-06 2.20653e-06 1.54457e-06 1.76523e-06 1.10327e-06 3.75110e-06 3.08914e-06 5.29568e-06
4.41306e-06 2.64784e-06 3.53045e-06 3.75110e-06 2.86849e-06 2.20653e-06 1.98588e-06 3.08914e-06 2.20653e-06 3.75110e-06
4.41306e-06 2.86849e-06 2.64784e-06 1.76523e-06 2.86849e-06 3.53045e-06 1.98588e-06 2.86849e-06 4.41306e-06 5.51633e-06
4.19241e-06 2.20653e-06 3.30980e-06 1.76523e-06 2.42718e-06 3.53045e-06 2.64784e-06 3.08914e-06 4.41306e-06 2.86849e-06
6.84025e-06 5.07502e-06 5.29568e-06 5.07502e-06 6.39894e-06 5.29568e-06 5.73698e-06 5.95763e-06 6.61959e-06 9.04678e-06
1.01500e-05 6.17829e-06 7.06090e-06 5.95763e-06 6.17829e-06 5.07502e-06 6.17829e-06 4.41306e-06 4.63372e-06 7.72286e-06
5.95763e-06 5.51633e-06 3.75110e-06 3.97176e-06 3.75110e-06 3.30980e-06 3.53045e-06 2.86849e-06 2.64784e-06 2.64784e-06
5.51633e-06 4.85437e-06 3.75110e-06 2.86849e-06 3.53045e-06 3.53045e-06 2.86849e-06 2.64784e-06 2.64784e-06 6.17829e-06
2.86849e-06 1.98588e-06 2.64784e-06 3.53045e-06 2.42718e-06 2.20653e-06 2.64784e-06 2.42718e-06 2.86849e-06 5.51633e-06
3.53045e-06 2.20653e-06 2.20653e-06 2.86849e-06 3.30980e-06 2.64784e-06 2.86849e-06 1.54457e-06 1.54457e-06 4.19241e-06
2.20653e-06 2.86849e-06 2.86849e-06 3.97176e-06 3.30980e-06 2.42718e-06 3.97176e-06 3.08914e-06 2.42718e-06 4.41306e-06
3.30980e-06 3.53045e-06 3.53045e-06 3.30980e-06 3.30980e-06 2.64784e-06 3.08914e-06 3.53045e-06 3.75110e-06 5.73698e-06
7.72286e-06 6.84025e-06 5.95763e-06 5.95763e-06 6.17829e-06 3.75110e-06 5.07502e-06 6.39894e-06 6.39894e-06 9.26743e-06
7.06090e-06 5.07502e-06 5.29568e-06 4.63372e-06 6.84025e-06 6.17829e-06 5.07502e-06 6.39894e-06 5.73698e-06 7.28155e-06
3.75110e-06 4.41306e-06 3.30980e-06 3.08914e-06 3.97176e-06 3.08914e-06 2.64784e-06 2.42718e-06 1.32392e-06 2.86849e-06
3.75110e-06 3.53045e-06 4.41306e-06 3.08914e-06 3.97176e-06 3.30980e-06 1.98588e-06 3.08914e-06 2.86849e-06 2.86849e-06
4.19241e-06 4.41306e-06 3.30980e-06 2.64784e-06 3.75110e-06 3.53045e-06 2.64784e-06 1.10327e-06 3.53045e-06 6.61959e-06
3.75110e-06 2.64784e-06 3.97176e-06 2.86849e-06 1.54457e-06 3.08914e-06 3.53045e-06 1.98588e-06 2.20653e-06 3.75110e-06
3.53045e-06 1.98588e-06 3.08914e-06 3.08914e-06 2.64784e-06 3.30980e-06 2.64784e-06 4.19241e-06 4.63372e-06 4.63372e-06
4.41306e-06 2.64784e-06 1.54457e-06 1.76523e-06 1.76523e-06 3.53045e-06 3.08914e-06 3.08914e-06 1.76523e-06 3.75110e-06
8.16417e-06 5.51633e-06 6.17829e-06 6.61959e-06 7.06090e-06 7.94351e-06 6.61959e-06 7.06090e-06 7.94351e-06 7.06090e-06
3.08914e-06 1.98588e-06 2.20653e-06 2.20653e-06 3.53045e-06 2.64784e-06 2.20653e-06 2.64784e-06 2.42718e-06 4.85437e-06
6.39894e-06 1.76523e-06 1.10327e-06 2.64784e-06 2.86849e-06 2.64784e-06 2.42718e-06 2.86849e-06 3.53045e-06 5.51633e-06
5.29568e-06 3.30980e-06 2.42718e-06 1.98588e-06 3.30980e-06 2.86849e-06 1.76523e-06 1.98588e-06 3.53045e-06 3.97176e-06
3.75110e-06 3.53045e-06 2.20653e-06 2.42718e-06 2.64784e-06 2.86849e-06 3.53045e-06 3.08914e-06 3.08914e-06 7.06090e-06
5.95763e-06 4.85437e-06 4.19241e-06 4.85437e-06 4.85437e-06 4.85437e-06 4.41306e-06 4.85437e-06 4.85437e-06 6.39894e-06
