1.17682e-05 7.35510e-06 6.37442e-06 5.14857e-06 7.10993e-06 9.07130e-06 9.80681e-06 8.82613e-06 6.86476e-06 9.80681e-06
7.84544e-06 5.63891e-06 6.61959e-06 7.35510e-06 7.35510e-06 6.86476e-06 4.90340e-06 5.63891e-06 3.67755e-06 5.63891e-06
3.67755e-06 1.96136e-06 3.67755e-06 3.67755e-06 2.69687e-06 2.94204e-06 4.90340e-06 3.67755e-06 1.71619e-06 2.94204e-06
3.92272e-06 3.18721e-06 4.41306e-06 3.67755e-06 4.16789e-06 2.45170e-06 3.18721e-06 2.69687e-06 2.45170e-06 3.92272e-06
4.90340e-06 2.69687e-06 3.18721e-06 1.71619e-06 2.45170e-06 3.18721e-06 1.71619e-06 1.96136e-06 3.92272e-06 6.61959e-06
2.45170e-06 2.94204e-06 1.47102e-06 2.45170e-06 1.71619e-06 1.22585e-06 1.47102e-06 1.71619e-06 1.47102e-06 4.41306e-06
3.67755e-06 3.67755e-06 4.16789e-06 2.20653e-06 1.22585e-06 3.43238e-06 3.18721e-06 3.43238e-06 1.96136e-06 3.67755e-06
3.18721e-06 3.67755e-06 3.43238e-06 2.69687e-06 3.43238e-06 3.18721e-06 3.67755e-06 2.20653e-06 1.47102e-06 3.92272e-06
1.05423e-05 7.35510e-06 7.10993e-06 6.37442e-06 8.33579e-06 6.61959e-06 6.37442e-06 9.31647e-06 8.09061e-06 7.35510e-06
9.07130e-06 5.88408e-06 5.14857e-06 7.60027e-06 6.12925e-06 5.14857e-06 7.60027e-06 7.84544e-06 6.61959e-06 7.10993e-06
3.67755e-06 2.45170e-06 2.20653e-06 2.69687e-06 2.45170e-06 2.45170e-06 2.94204e-06 2.69687e-06 2.94204e-06 5.63891e-06
3.92272e-06 2.45170e-06 1.96136e-06 2.45170e-06 1.96136e-06 3.67755e-06 1.71619e-06 2.94204e-06 3.67755e-06 4.65823e-06
4.16789e-06 4.16789e-06 3.43238e-06 2.94204e-06 2.69687e-06 3.67755e-06 2.69687e-06 2.69687e-06 1.96136e-06 3.92272e-06
3.92272e-06 9.80681e-07 2.69687e-06 4.16789e-06 2.69687e-06 1.96136e-06 2.94204e-06 4.16789e-06 3.18721e-06 5.14857e-06
2.45170e-06 2.45170e-06 2.20653e-06 1.71619e-06 2.45170e-06 3.67755e-06 1.96136e-06 2.20653e-06 2.94204e-06 5.63891e-06
4.65823e-06 4.16789e-06 2.94204e-06 2.45170e-06 2.94204e-06 1.47102e-06 2.69687e-06 4.41306e-06 2.69687e-06 4.41306e-06
8.58096e-06 7.84544e-06 7.10993e-06 5.88408e-06 6.37442e-06 5.14857e-06 6.12925e-06 5.14857e-06 5.63891e-06 5.14857e-06
9.31647e-06 7.60027e-06 6.86476e-06 3.92272e-06 4.16789e-06 6.37442e-06 4.65823e-06 3.92272e-06 5.88408e-06 6.12925e-06
4.16789e-06 1.71619e-06 2.69687e-06 3.92272e-06 2.45170e-06 2.69687e-06 2.20653e-06 1.71619e-06 4.16789e-06 6.12925e-06
2.94204e-06 3.18721e-06 3.67755e-06 2.69687e-06 1.96136e-06 1.47102e-06 2.94204e-06 2.45170e-06 3.43238e-06 3.67755e-06
3.18721e-06 1.96136e-06 2.20653e-06 3.18721e-06 1.96136e-06 2.20653e-06 1.71619e-06 1.96136e-06 2.20653e-06 5.63891e-06
3.92272e-06 3.67755e-06 2.94204e-06 2.45170e-06 2.20653e-06 2.45170e-06 2.45170e-06 1.96136e-06 2.69687e-06 4.16789e-06
5.39374e-06 4.65823e-06 3.18721e-06 2.45170e-06 2.94204e-06 1.71619e-06 2.94204e-06 3.43238e-06 3.67755e-06 6.86476e-06
5.39374e-06 3.43238e-06 4.41306e-06 2.45170e-06 2.69687e-06 2.69687e-06 2.45170e-06 1.47102e-06 2.69687e-06 5.63891e-06
1.05423e-05 7.60027e-06 6.12925e-06 6.12925e-06 5.63891e-06 5.14857e-06 5.39374e-06 4.90340e-06 5.88408e-06 7.35510e-06
8.58096e-06 4.16789e-06 7.35510e-06 5.14857e-06 4.41306e-06 5.63891e-06 6.61959e-06 6.61959e-06 5.88408e-06 7.35510e-06
4.41306e-06 2.69687e-06 2.69687e-06 2.94204e-06 1.22585e-06 3.67755e-06 2.45170e-06 2.69687e-06 2.45170e-06 4.65823e-06
3.43238e-06 3.18721e-06 3.18721e-06 2.45170e-06 2.69687e-06 3.92272e-06 2.94204e-06 2.20653e-06 3.18721e-06 3.92272e-06
2.94204e-06 1.47102e-06 2.69687e-06 3.18721e-06 3.18721e-06 2.69687e-06 2.20653e-06 1.22585e-06 1.47102e-06 5.39374e-06
4.41306e-06 3.67755e-06 4.16789e-06 3.43238e-06 1.71619e-06 2.69687e-06 2.94204e-06 2.45170e-06 3.43238e-06 3.67755e-06
2.94204e-06 2.94204e-06 2.94204e-06 2.69687e-06 3.67755e-06 2.69687e-06 2.20653e-06 4.41306e-06 3.67755e-06 2.94204e-06
3.18721e-06 1.47102e-06 3.43238e-06 2.94204e-06 2.20653e-06 2.20653e-06 2.69687e-06 2.45170e-06 2.45170e-06 2.94204e-06
5.63891e-06 5.14857e-06 5.63891e-06 4.90340e-06 4.65823e-06 7.35510e-06 6.12925e-06 6.86476e-06 4.90340e-06 7.84544e-06
7.84544e-06 5.39374e-06 4.65823e-06 5.88408e-06 8.09061e-06 5.63891e-06 4.16789e-06 4.65823e-06 4.90340e-06 7.35510e-06
3.18721e-06 2.20653e-06 9.80681e-07 2.20653e-06 5.88408e-06 4.16789e-06 2.94204e-06 1.96136e-06 2.45170e-06 5.14857e-06
4.41306e-06 1.47102e-06 2.94204e-06 2.94204e-06 4.65823e-06 2.94204e-06 3.92272e-06 1.71619e-06 1.96136e-06 4.41306e-06
5.14857e-06 1.47102e-06 1.22585e-06 7.35510e-07 3.18721e-06 2.94204e-06 1.22585e-06 7.35510e-07 2.69687e-06 4.65823e-06
4.41306e-06 3.18721e-06 3.43238e-06 2.20653e-06 1.96136e-06 2.69687e-06 2.69687e-06 1.71619e-06 1.96136e-06 1.96136e-06
4.41306e-06 2.69687e-06 3.18721e-06 4.16789e-06 1.71619e-06 3.18721e-06 4.65823e-06 3.43238e-06 2.45170e-06 4.65823e-06
3.18721e-06 2.94204e-06 2.94204e-06 1.22585e-06 3.18721e-06 2.45170e-06 2.69687e-06 3.43238e-06 3.67755e-06 4.41306e-06
3.67755e-06 5.63891e-06 4.65823e-06 6.12925e-06 5.39374e-06 4.41306e-06 3.92272e-06 5.88408e-06 7.35510e-06 5.88408e-06
5.14857e-06 5.39374e-06 7.60027e-06 6.12925e-06 4.41306e-06 6.12925e-06 4.90340e-06 4.65823e-06 4.41306e-06 6.37442e-06
3.67755e-06 3.43238e-06 2.45170e-06 1.47102e-06 2.20653e-06 2.69687e-06 2.45170e-06 2.20653e-06 2.94204e-06 2.69687e-06
3.43238e-06 2.20653e-06 2.45170e-06 2.20653e-06 1.71619e-06 3.92272e-06 3.43238e-06 2.94204e-06 3.67755e-06 5.39374e-06
6.12925e-06 2.69687e-06 2.20653e-06 1.71619e-06 2.45170e-06 2.69687e-06 2.69687e-06 2.94204e-06 2.69687e-06 3.18721e-06
4.16789e-06 2.45170e-06 1.71619e-06 2.69687e-06 1.22585e-06 2.20653e-06 2.20653e-06 2.69687e-06 2.45170e-06 2.69687e-06
4.41306e-06 2.20653e-06 3.18721e-06 3.18721e-06 2.94204e-06 2.20653e-06 3.18721e-06 3.18721e-06 1.96136e-06 2.94204e-06
4.41306e-06 2.45170e-06 2.94204e-06 3.18721e-06 2.45170e-06 1.22585e-06 2.45170e-06 2.20653e-06 3.67755e-06 3.43238e-06
6.86476e-06 4.65823e-06 6.37442e-06 4.16789e-06 4.90340e-06 4.65823e-06 6.12925e-06 7.10993e-06 7.10993e-06 7.84544e-06
7.10993e-06 6.12925e-06 6.61959e-06 5.39374e-06 5.63891e-06 5.14857e-06 3.43238e-06 6.12925e-06 8.33579e-06 8.09061e-06
5.14857e-06 1.71619e-06 2.94204e-06 2.94204e-06 2.69687e-06 1.96136e-06 2.94204e-06 4.16789e-06 3.43238e-06 4.16789e-06
3.43238e-06 2.94204e-06 2.20653e-06 2.69687e-06 2.20653e-06 2.45170e-06 2.94204e-06 3.18721e-06 2.69687e-06 5.14857e-06
6.12925e-06 3.67755e-06 2.20653e-06 1.71619e-06 1.96136e-06 2.20653e-06 1.71619e-06 2.45170e-06 2.20653e-06 6.12925e-06
5.39374e-06 3.67755e-06 3.18721e-06 1.47102e-06 2.45170e-06 4.16789e-06 3.43238e-06 2.69687e-06 1.96136e-06 2.94204e-06
3.18721e-06 2.69687e-06 3.18721e-06 3.18721e-06 2.20653e-06 2.94204e-06 3.67755e-06 2.94204e-06 2.45170e-06 2.94204e-06
3.43238e-06 1.96136e-06 1.96136e-06 2.69687e-06 3.18721e-06 2.69687e-06 3.18721e-06 2.69687e-06 1.22585e-06 4.16789e-06
7.10993e-06 4.90340e-06 3.92272e-06 5.39374e-06 5.63891e-06 5.88408e-06 4.90340e-06 5.14857e-06 6.86476e-06 8.58096e-06
7.84544e-06 5.63891e-06 4.65823e-06 5.88408e-06 6.12925e-06 5.39374e-06 4.90340e-06 4.41306e-06 5.63891e-06 7.35510e-06
4.90340e-06 1.71619e-06 3.18721e-06 3.92272e-06 2.20653e-06 2.69687e-06 2.20653e-06 2.69687e-06 2.45170e-06 3.92272e-06
5.14857e-06 3.18721e-06 2.94204e-06 2.45170e-06 2.45170e-06 3.92272e-06 3.67755e-06 3.43238e-06 3.43238e-06 3.43238e-06
3.92272e-06 2.20653e-06 1.96136e-06 1.22585e-06 2.45170e-06 1.47102e-06 3.18721e-06 1.71619e-06 2.69687e-06 4.65823e-06
3.18721e-06 2.20653e-06 2.69687e-06 1.71619e-06 2.94204e-06 1.22585e-06 9.80681e-07 1.22585e-06 2.20653e-06 4.65823e-06
7.84544e-06 4.90340e-06 3.92272e-06 2.20653e-06 2.45170e-06 2.94204e-06 2.69687e-06 2.45170e-06 2.94204e-06 4.65823e-06
3.92272e-06 2.20653e-06 3.92272e-06 2.45170e-06 1.22585e-06 1.22585e-06 2.69687e-06 3.43238e-06 2.94204e-06 4.16789e-06
6.61959e-06 3.92272e-06 5.39374e-06 7.10993e-06 4.65823e-06 5.39374e-06 5.63891e-06 6.86476e-06 5.39374e-06 6.12925e-06
5.39374e-06 5.88408e-06 6.86476e-06 4.16789e-06 4.41306e-06 3.67755e-06 5.39374e-06 6.37442e-06 4.41306e-06 7.10993e-06
3.43238e-06 3.18721e-06 2.94204e-06 2.69687e-06 1.71619e-06 2.45170e-06 1.47102e-06 2.20653e-06 3.18721e-06 2.45170e-06
4.41306e-06 3.18721e-06 2.20653e-06 2.69687e-06 1.71619e-06 2.45170e-06 1.71619e-06 2.45170e-06 3.43238e-06 2.69687e-06
5.39374e-06 2.20653e-06 3.18721e-06 2.45170e-06 1.22585e-06 2.69687e-06 3.18721e-06 1.71619e-06 1.47102e-06 2.94204e-06
2.20653e-06 2.69687e-06 2.45170e-06 1.71619e-06 1.71619e-06 1.96136e-06 3.18721e-06 1.71619e-06 9.80681e-07 2.45170e-06
3.92272e-06 3.18721e-06 1.71619e-06 2.45170e-06 2.94204e-06 1.96136e-06 4.41306e-06 2.20653e-06 2.45170e-06 4.65823e-06
4.90340e-06 4.41306e-06 2.69687e-06 2.20653e-06 2.69687e-06 3.43238e-06 2.69687e-06 1.22585e-06 2.45170e-06 3.67755e-06
8.09061e-06 5.14857e-06 4.41306e-06 4.16789e-06 5.88408e-06 5.39374e-06 5.88408e-06 4.90340e-06 4.90340e-06 6.86476e-06
6.12925e-06 5.63891e-06 4.16789e-06 5.63891e-06 6.12925e-06 5.14857e-06 6.61959e-06 7.35510e-06 4.65823e-06 8.33579e-06
2.69687e-06 1.71619e-06 2.94204e-06 2.94204e-06 2.69687e-06 3.43238e-06 2.20653e-06 2.20653e-06 1.71619e-06 3.67755e-06
5.14857e-06 3.92272e-06 1.96136e-06 2.20653e-06 2.69687e-06 2.94204e-06 2.94204e-06 3.67755e-06 1.71619e-06 5.63891e-06
4.65823e-06 3.18721e-06 2.45170e-06 3.43238e-06 2.69687e-06 1.22585e-06 1.96136e-06 2.69687e-06 2.94204e-06 5.63891e-06
5.39374e-06 2.69687e-06 3.18721e-06 3.18721e-06 2.45170e-06 2.20653e-06 3.43238e-06 4.16789e-06 3.92272e-06 4.41306e-06
5.63891e-06 1.71619e-06 2.69687e-06 2.94204e-06 2.94204e-06 4.41306e-06 5.14857e-06 2.94204e-06 3.67755e-06 5.14857e-06
4.41306e-06 1.47102e-06 1.22585e-06 3.18721e-06 3.67755e-06 2.94204e-06 4.90340e-06 3.18721e-06 2.94204e-06 5.88408e-06
9.56164e-06 6.12925e-06 4.90340e-06 5.39374e-06 6.12925e-06 7.35510e-06 5.63891e-06 6.61959e-06 5.63891e-06 9.07130e-06
9.80681e-06 4.90340e-06 4.90340e-06 6.61959e-06 6.12925e-06 7.10993e-06 7.84544e-06 6.61959e-06 7.10993e-06 1.05423e-05
4.90340e-06 2.45170e-06 3.18721e-06 2.69687e-06 1.22585e-06 1.71619e-06 3.18721e-06 2.94204e-06 1.71619e-06 3.67755e-06
7.10993e-06 1.96136e-06 2.69687e-06 1.96136e-06 3.18721e-06 3.67755e-06 3.43238e-06 2.94204e-06 3.43238e-06 4.41306e-06
3.92272e-06 1.96136e-06 3.18721e-06 2.20653e-06 3.92272e-06 3.92272e-06 2.94204e-06 3.18721e-06 2.94204e-06 5.63891e-06
4.65823e-06 2.20653e-06 2.69687e-06 2.69687e-06 2.69687e-06 3.18721e-06 3.67755e-06 2.69687e-06 2.20653e-06 4.41306e-06
3.67755e-06 1.71619e-06 2.94204e-06 3.67755e-06 2.20653e-06 2.20653e-06 2.69687e-06 3.67755e-06 2.20653e-06 5.63891e-06
4.90340e-06 3.43238e-06 2.45170e-06 1.96136e-06 2.20653e-06 2.94204e-06 3.67755e-06 1.71619e-06 1.96136e-06 4.90340e-06
9.31647e-06 6.37442e-06 5.39374e-06 6.12925e-06 5.88408e-06 5.39374e-06 4.16789e-06 7.10993e-06 3.92272e-06 6.86476e-06
5.39374e-06 4.90340e-06 4.41306e-06 6.12925e-06 5.88408e-06 4.90340e-06 5.39374e-06 4.16789e-06 4.65823e-06 7.84544e-06
2.45170e-06 1.22585e-06 1.96136e-06 3.92272e-06 2.69687e-06 3.92272e-06 3.67755e-06 2.69687e-06 2.20653e-06 4.41306e-06
5.63891e-06 3.18721e-06 9.80681e-07 2.94204e-06 3.18721e-06 9.80681e-07 2.69687e-06 3.18721e-06 2.45170e-06 5.14857e-06
5.14857e-06 3.18721e-06 2.69687e-06 2.94204e-06 2.20653e-06 1.71619e-06 1.96136e-06 1.96136e-06 1.47102e-06 2.94204e-06
5.63891e-06 2.20653e-06 3.18721e-06 2.45170e-06 2.45170e-06 2.94204e-06 2.69687e-06 2.69687e-06 1.47102e-06 3.92272e-06
6.12925e-06 2.94204e-06 4.16789e-06 2.94204e-06 2.20653e-06 4.90340e-06 3.18721e-06 1.96136e-06 2.45170e-06 4.16789e-06
3.43238e-06 2.45170e-06 2.20653e-06 3.18721e-06 2.69687e-06 4.41306e-06 3.67755e-06 3.18721e-06 2.94204e-06 3.18721e-06
9.56164e-06 7.10993e-06 7.10993e-06 5.63891e-06 6.61959e-06 6.61959e-06 5.88408e-06 6.12925e-06 7.60027e-06 8.82613e-06
1.15230e-05 7.60027e-06 6.86476e-06 6.12925e-06 5.39374e-06 6.37442e-06 5.39374e-06 6.12925e-06 5.39374e-06 1.02971e-05
4.90340e-06 1.71619e-06 2.45170e-06 3.92272e-06 4.65823e-06 3.43238e-06 2.94204e-06 2.69687e-06 3.67755e-06 4.16789e-06
3.67755e-06 2.69687e-06 2.20653e-06 1.47102e-06 3.43238e-06 2.69687e-06 2.45170e-06 2.94204e-06 2.45170e-06 2.94204e-06
3.92272e-06 3.43238e-06 3.18721e-06 2.45170e-06 2.20653e-06 2.45170e-06 1.96136e-06 2.20653e-06 2.69687e-06 4.90340e-06
3.67755e-06 2.45170e-06 2.45170e-06 1.96136e-06 3.43238e-06 2.69687e-06 7.35510e-07 1.96136e-06 9.80681e-07 2.69687e-06
5.14857e-06 2.94204e-06 4.41306e-06 2.94204e-06 3.18721e-06 3.43238e-06 3.18721e-06 3.43238e-06 2.20653e-06 4.41306e-06
3.92272e-06 2.45170e-06 1.96136e-06 1.71619e-06 3.67755e-06 2.69687e-06 2.94204e-06 3.43238e-06 3.67755e-06 1.96136e-06
7.84544e-06 5.39374e-06 4.41306e-06 4.41306e-06 6.37442e-06 4.41306e-06 3.92272e-06 3.92272e-06 4.90340e-06 6.37442e-06
7.35510e-06 6.12925e-06 5.63891e-06 5.14857e-06 6.37442e-06 4.65823e-06 3.43238e-06 5.63891e-06 5.14857e-06 8.58096e-06
5.63891e-06 3.67755e-06 3.92272e-06 2.20653e-06 2.45170e-06 1.96136e-06 2.94204e-06 3.92272e-06 2.20653e-06 5.39374e-06
5.39374e-06 3.43238e-06 4.90340e-06 2.94204e-06 2.20653e-06 2.45170e-06 1.71619e-06 1.71619e-06 3.67755e-06 4.41306e-06
3.67755e-06 4.16789e-06 3.67755e-06 2.45170e-06 2.94204e-06 1.71619e-06 2.20653e-06 2.45170e-06 3.18721e-06 4.41306e-06
4.90340e-06 2.94204e-06 2.94204e-06 2.20653e-06 2.45170e-06 3.43238e-06 2.45170e-06 1.22585e-06 2.94204e-06 5.39374e-06
5.39374e-06 1.47102e-06 2.20653e-06 1.96136e-06 2.94204e-06 5.14857e-06 2.94204e-06 3.67755e-06 3.18721e-06 3.43238e-06
4.16789e-06 1.71619e-06 2.20653e-06 2.45170e-06 3.18721e-06 3.92272e-06 2.69687e-06 3.18721e-06 3.43238e-06 3.18721e-06
7.60027e-06 4.41306e-06 6.61959e-06 6.86476e-06 6.86476e-06 7.84544e-06 6.12925e-06 5.88408e-06 6.61959e-06 8.33579e-06
9.31647e-06 5.88408e-06 6.37442e-06 8.33579e-06 7.60027e-06 6.37442e-06 3.92272e-06 3.67755e-06 4.65823e-06 1.05423e-05
3.43238e-06 3.18721e-06 2.45170e-06 2.20653e-06 2.94204e-06 2.94204e-06 2.20653e-06 1.96136e-06 2.69687e-06 3.92272e-06
3.18721e-06 4.41306e-06 3.67755e-06 3.92272e-06 3.18721e-06 2.94204e-06 2.45170e-06 2.94204e-06 2.45170e-06 4.65823e-06
2.69687e-06 3.18721e-06 3.92272e-06 2.69687e-06 2.45170e-06 1.71619e-06 1.71619e-06 2.69687e-06 2.69687e-06 3.67755e-06
5.39374e-06 1.71619e-06 2.45170e-06 2.45170e-06 2.20653e-06 3.92272e-06 2.20653e-06 1.47102e-06 2.45170e-06 3.92272e-06
4.41306e-06 2.69687e-06 3.18721e-06 1.71619e-06 2.20653e-06 3.43238e-06 2.20653e-06 3.18721e-06 4.90340e-06 4.65823e-06
5.39374e-06 2.20653e-06 2.45170e-06 2.45170e-06 2.94204e-06 3.67755e-06 3.18721e-06 4.90340e-06 5.39374e-06 3.18721e-06
6.12925e-06 5.88408e-06 6.12925e-06 6.86476e-06 8.09061e-06 5.88408e-06 6.37442e-06 8.58096e-06 7.84544e-06 8.58096e-06
6.86476e-06 6.37442e-06 7.35510e-06 6.86476e-06 6.61959e-06 6.12925e-06 5.63891e-06 7.84544e-06 6.61959e-06 6.86476e-06
4.16789e-06 1.22585e-06 4.16789e-06 3.43238e-06 2.94204e-06 2.69687e-06 2.69687e-06 3.43238e-06 4.16789e-06 6.12925e-06
5.88408e-06 2.20653e-06 2.94204e-06 1.71619e-06 3.67755e-06 3.18721e-06 3.92272e-06 3.92272e-06 5.39374e-06 3.92272e-06
3.43238e-06 1.96136e-06 3.18721e-06 1.71619e-06 3.92272e-06 5.14857e-06 4.65823e-06 2.94204e-06 3.18721e-06 3.92272e-06
5.63891e-06 3.18721e-06 2.94204e-06 2.69687e-06 2.20653e-06 3.43238e-06 3.18721e-06 1.96136e-06 3.43238e-06 5.88408e-06
4.65823e-06 2.20653e-06 2.69687e-06 3.67755e-06 3.43238e-06 3.43238e-06 2.45170e-06 2.20653e-06 2.69687e-06 4.65823e-06
3.18721e-06 1.71619e-06 1.96136e-06 2.69687e-06 3.18721e-06 2.45170e-06 2.20653e-06 2.45170e-06 1.96136e-06 3.43238e-06
9.07130e-06 5.88408e-06 6.12925e-06 5.39374e-06 4.65823e-06 4.41306e-06 7.10993e-06 7.35510e-06 7.35510e-06 1.02971e-05
7.10993e-06 5.63891e-06 5.14857e-06 6.86476e-06 8.33579e-06 8.82613e-06 6.37442e-06 7.84544e-06 6.86476e-06 1.12778e-05
3.92272e-06 3.18721e-06 3.18721e-06 3.67755e-06 4.41306e-06 2.69687e-06 2.45170e-06 3.92272e-06 3.92272e-06 4.41306e-06
5.88408e-06 2.69687e-06 2.20653e-06 3.92272e-06 2.45170e-06 3.43238e-06 3.43238e-06 4.16789e-06 5.39374e-06 5.39374e-06
4.16789e-06 2.69687e-06 3.43238e-06 3.67755e-06 2.45170e-06 2.69687e-06 2.69687e-06 4.41306e-06 4.90340e-06 3.67755e-06
3.43238e-06 2.69687e-06 1.71619e-06 1.71619e-06 1.47102e-06 2.45170e-06 3.92272e-06 4.41306e-06 1.96136e-06 4.16789e-06
3.92272e-06 3.18721e-06 3.18721e-06 3.92272e-06 1.47102e-06 2.69687e-06 3.43238e-06 3.18721e-06 2.69687e-06 5.63891e-06
4.65823e-06 3.43238e-06 2.69687e-06 2.45170e-06 1.96136e-06 2.20653e-06 2.94204e-06 2.94204e-06 4.16789e-06 5.14857e-06
1.20133e-05 6.12925e-06 7.10993e-06 5.39374e-06 4.65823e-06 6.61959e-06 7.60027e-06 7.35510e-06 7.84544e-06 8.33579e-06
3.67755e-06 3.67755e-06 2.69687e-06 4.16789e-06 3.43238e-06 2.45170e-06 3.43238e-06 3.67755e-06 2.94204e-06 5.39374e-06
4.41306e-06 3.67755e-06 3.92272e-06 4.16789e-06 2.69687e-06 1.96136e-06 2.94204e-06 2.45170e-06 3.92272e-06 5.14857e-06
3.67755e-06 2.69687e-06 2.69687e-06 2.94204e-06 3.43238e-06 4.41306e-06 2.69687e-06 2.69687e-06 2.20653e-06 3.67755e-06
4.65823e-06 2.94204e-06 2.45170e-06 2.20653e-06 1.71619e-06 3.43238e-06 4.41306e-06 3.67755e-06 4.41306e-06 4.16789e-06
3.18721e-06 2.45170e-06 3.92272e-06 3.92272e-06 3.92272e-06 3.18721e-06 3.43238e-06 5.39374e-06 2.94204e-06 4.41306e-06
6.12925e-06 4.65823e-06 3.67755e-06 3.43238e-06 1.96136e-06 2.45170e-06 3.18721e-06 3.18721e-06 3.67755e-06 2.45170e-06
3.92272e-06 1.22585e-06 3.92272e-06 3.67755e-06 2.45170e-06 2.69687e-06 2.69687e-06 9.80681e-07 2.45170e-06 4.41306e-06
3.18721e-06 2.20653e-06 3.18721e-06 2.69687e-06 3.18721e-06 3.67755e-06 3.67755e-06 2.69687e-06 1.71619e-06 4.16789e-06
3.92272e-06 1.96136e-06 2.94204e-06 2.94204e-06 2.45170e-06 4.41306e-06 3.43238e-06 2.69687e-06 2.69687e-06 5.88408e-06
4.16789e-06 2.20653e-06 3.18721e-06 3.92272e-06 3.67755e-06 2.45170e-06 1.71619e-06 2.45170e-06 2.45170e-06 5.88408e-06
3.92272e-06 2.94204e-06 3.18721e-06 4.65823e-06 4.65823e-06 3.92272e-06 3.18721e-06 5.14857e-06 3.67755e-06 6.12925e-06
3.92272e-06 2.20653e-06 3.18721e-06 3.92272e-06 4.16789e-06 2.94204e-06 2.69687e-06 2.69687e-06 2.69687e-06 5.88408e-06
7.84544e-06 1.96136e-06 3.18721e-06 5.88408e-06 5.88408e-06 4.90340e-06 5.39374e-06 5.63891e-06 3.67755e-06 9.07130e-06
